      158.50      140.00      152.25
      139.38      140.00      140.75
      177.00      136.00      166.38
      172.38      138.00      194.75
      173.12      138.00      210.00
      229.88      134.00       66.75
      208.38      136.00       52.12
      269.62      132.00       60.62
      254.38      134.00      127.25
      291.12      132.00      137.25
      272.00      130.00      164.88
      286.50      132.00      188.62
      271.25      132.00      240.62
      219.12      134.00      235.38
      167.75      136.00      315.00
      649.00       48.00      600.50
      500.38       58.00      636.50
      583.12       56.00      673.25
      571.62       56.00      668.75
      645.12       54.00      589.75
      562.38       56.00      367.50
      498.75       64.00      263.75
      491.12       66.00      293.62
      439.75       70.00      276.75
      395.38       70.00      331.25
      383.12       74.00      330.38
      359.38       76.00      286.00
      344.00       78.00      314.38
      459.00       74.00      354.12
      486.50       78.00      202.50
      211.38       84.00      348.88
      259.75       84.00      633.88
      145.50       84.00      541.12
      565.50       94.00      599.38
      602.25       96.00      604.00
      526.38      100.00      645.38
      514.12      102.00      638.50
      598.38      106.00      646.88
      598.38      106.00      670.62
      603.00      106.00      724.25
      624.50      108.00      437.75
      646.62      106.00      471.38
      597.62      108.00      604.00
      576.25      108.00      595.62
      557.75      108.00      610.88
      546.25      110.00      448.38
      590.75      110.00      444.62
      565.50      108.00      422.38
      567.00      112.00      410.12
      567.00      114.00      378.75
      541.00      116.00      378.75
      511.88      116.00      402.50
      521.75      116.00      420.88
      495.75      114.00      407.88
      496.50      118.00      394.75
      502.62      116.00      367.25
      511.00      112.00      361.12
      564.75      112.00      338.88
      628.25      110.00      230.75
      645.88      108.00      275.25
      522.50      112.00      498.25
      563.88      110.00      512.75
      503.38      114.00      531.25
      499.50      112.00      572.62
      460.50      114.00      623.12
      422.88      114.00      689.88
      399.12      114.00      722.75
      433.62      116.00      730.38
      393.75      118.00      653.75
      406.12      118.00      628.50
      446.62      118.00      541.12
      445.88      118.00      463.75
      403.00      120.00      474.50
      393.00      122.00      505.88
      372.38      122.00      528.12
      347.12      124.00      543.50
      310.25      124.00      520.50
      315.62      124.00      613.25
      297.25      122.00      699.75
      275.75      120.00      728.88
      236.75      122.00      741.12
      200.00      124.00      718.88
      193.75      128.00      677.50
      226.75      126.00      659.88
      284.25      126.00      566.50
      275.75      126.00      541.12
      268.12      126.00      522.00
      206.12      130.00      582.50
      178.50      132.00      538.12
      137.88      132.00      570.25
      262.00      130.00      443.88
      262.00      130.00      413.12
      242.88      130.00      411.62
      219.88      130.00      413.12
      252.00      132.00      382.50
      176.12      132.00      403.25
      269.62      130.00      275.25
      308.00      130.00      384.88
      322.50      126.00      417.75
      366.25      124.00      385.62
      388.50      122.00      404.75
      396.12      122.00      421.62
      383.88      124.00      341.88
      389.25      124.00      268.38
      396.88      124.00      252.25
      386.12      124.00      243.12
      399.12      124.00      130.38
      373.88      126.00      136.50
      295.00      126.00      180.25
      307.25      128.00      199.38
      344.00      130.00      147.25
      301.12      130.00       46.12
      398.38      124.00      109.75
      402.25      126.00       82.12
      476.62      120.00       78.38
      455.88      122.00      187.12
      497.25      120.00      209.38
      470.50      120.00      295.12
      448.25      122.00      312.00
      524.88      118.00      275.25
      510.25      120.00      242.25
      540.12      118.00      229.25
      570.88      114.00      195.50
      564.75      114.00      112.00
      607.62      114.00       91.38
      608.38      114.00       76.00
      554.75      118.00       51.50
      495.75      120.00       22.50
       79.62      142.00      209.62
       99.50      142.00      276.25
       81.12      142.00       57.88
      111.88      142.00       46.38
      292.62       76.00      628.38
      161.62       98.00      681.25
      644.38      102.00      721.12
      130.25      138.00      374.00
      116.38      132.00      529.62
      121.00      132.00      497.38
      407.62      118.00      256.50
      449.00      112.00      317.75
      113.38       94.00      353.88
