      263.50      114.00      428.75
      281.88      120.00      353.62
      298.75      120.00      362.12
      345.50      126.00      384.38
      364.75      128.00      350.62
      174.62      130.00      599.62
      172.38      128.00      438.00
      268.88      112.00      719.50
      202.25      110.00      196.12
      338.62      120.00      566.62
      322.50      122.00      538.25
      357.75      122.00      614.12
      357.75      122.00      680.75
      322.50      126.00      731.38
      440.50      134.00      597.25
      327.88      130.00      531.38
      331.75      132.00      315.25
      423.75      136.00      227.88
      402.25      136.00      349.00
      406.88      136.00      336.00
      411.38      132.00      346.75
      281.12      138.00      325.25
      439.00      138.00      341.38
      426.75      136.00      382.00
      468.12      144.00      221.00
      473.50      144.00      266.25
      419.12      142.00      424.12
      460.50      140.00      446.25
      260.50      144.00      470.00
      205.25      146.00      316.00
      225.25      146.00      209.50
      163.12      148.00      114.50
      186.88      148.00      575.75
      352.38      152.00      477.75
      440.50      152.00      339.75
      163.88      156.00      239.38
      173.12      158.00      199.50
      169.25      160.00      185.75
      175.38      160.00      164.25
      196.12      160.00       93.88
      163.88      160.00       48.62
      471.25      162.00       80.00
      454.38      166.00       93.00
      354.75      172.00       96.12
      363.88      172.00       55.50
      259.75      172.00       98.38
      250.50      172.00      108.38
      272.00      174.00      395.75
      247.50      170.00      374.25
      279.62      176.00      433.25
      221.38      166.00      375.00
      205.25      164.00      304.50
      181.50      160.00      313.00
      171.62      158.00      323.75
      168.50      156.00      381.12
      170.88      158.00      490.00
      212.25      158.00      608.00
      265.88      158.00      647.88
      397.62      162.00      505.25
      583.12      162.00      391.12
      591.50      160.00      428.62
      576.25      166.00      286.12
      441.38      170.00      422.50
      603.00      168.00      132.12
      466.62      172.00       86.12
      619.88      172.00      196.50
      322.50      176.00      539.00
      317.12      184.00      328.25
      344.75      188.00      358.12
      310.25      182.00      319.12
      301.12      182.00      302.25
      311.00      180.00      135.25
      480.38      168.00      659.38
      550.88      164.00      706.88
      639.00      160.00      686.88
      651.25      160.00      691.50
      602.25      160.00      531.38
      613.75      162.00      514.50
      278.88      154.00      733.62
      501.88      148.00      611.00
      365.50      148.00      620.25
      165.50      136.00      447.88
      473.50      156.00      274.62
      468.88      158.00       45.50
      380.00      186.00      542.12
      422.12      186.00      686.12
      476.62      188.00      291.50
      386.88      194.00      379.00
      393.75      194.00      415.00
      426.75      194.00      527.00
      649.75      194.00      481.75
      639.75      198.00      605.12
      446.62      202.00      451.12
      495.00      204.00      493.25
      488.12      206.00      504.75
      481.88      206.00      486.38
      504.88      210.00      500.88
      559.38      212.00      576.00
      539.38      214.00      520.75
      584.62      214.00      645.75
      598.38      214.00      699.75
      543.25      218.00      331.88
      543.25      222.00      348.75
      574.62      224.00      478.25
      597.62      228.00      448.38
      605.25      228.00      461.38
      636.75      230.00      482.88
      628.25      230.00      505.88
      614.50      230.00      383.25
      619.88      232.00      373.25
      620.62      234.00      328.75
      626.75      236.00      314.25
      606.12      232.00      131.12
      612.25      220.00      468.25
      583.12      208.00      261.38
      453.62      206.00      133.38
      364.75      196.00      163.25
      382.38      198.00       91.25
      362.38      196.00       51.38
      455.12      200.00       53.00
      432.88      188.00       33.75
      154.00      154.00      124.50
      431.38      184.00      740.62
      480.38      196.00      729.12
      527.12      198.00      715.25
      573.88      204.00      723.00
      555.50      228.00      245.62
      593.88      228.00       43.38
      360.88      186.00       62.25
      621.38      186.00      199.38
      363.12      186.00      164.12
      273.50      164.00      653.00
      111.00      150.00      209.38
      578.50      228.00      210.12
      605.25      236.00      160.38
      663.50      172.00      447.62
