      297.25       60.00      642.62
      441.38       60.00      663.38
      309.50       64.00      686.38
      488.12       72.00      477.88
      255.88       72.00      320.00
      178.50       72.00      175.25
      316.38       74.00      146.12
      475.75       76.00      117.00
      581.50       76.00      172.88
      493.38       76.00      300.12
      419.88       76.00      318.50
      427.50       76.00      265.62
      490.38       76.00      380.62
      614.50       76.00      432.62
      172.38       78.00      507.75
      445.12       76.00      667.12
      580.00       76.00      694.00
      592.25       76.00      733.88
      511.88       82.00      689.38
      159.38       86.00      685.50
      256.62       88.00      577.50
      325.62       90.00      172.88
      378.50       94.00      176.75
      446.62       98.00      694.88
      556.25      100.00      717.12
      601.50      102.00      593.75
      402.25      102.00      330.12
      325.62      102.00      172.25
      304.12      110.00      122.12
      308.00      112.00      137.38
      359.38      114.00      122.88
      462.75      114.00      229.38
      457.38      118.00      240.88
      395.38      118.00      224.75
      346.25      118.00      223.25
      234.38      118.00      198.75
      216.00      118.00      262.25
      238.25      120.00      289.12
      259.00      120.00      303.75
      272.00      122.00      302.12
      279.62      122.00      320.50
      291.88      122.00      325.12
      288.88      122.00      279.88
      336.38      124.00      372.62
      291.88      124.00      401.00
      260.50      122.00      414.00
      265.88      124.00      443.12
      301.88      122.00      438.50
      314.88      124.00      458.50
      283.50      122.00      470.00
      335.62      120.00      462.38
      370.00      124.00      469.25
      333.25      124.00      492.25
      317.12      124.00      506.75
      341.75      126.00      508.25
      360.12      126.00      520.50
      375.38      128.00      502.88
      390.00      130.00      484.50
      448.25      132.00      437.75
      434.38      132.00      376.50
      450.50      132.00      343.50
      449.00      128.00      293.00
      448.25      130.00      271.50
      458.12      132.00      481.50
      474.25      132.00      493.00
      492.62      134.00      497.62
      526.38      138.00      507.50
      522.50      134.00      457.00
      504.88      132.00      538.12
      504.12      134.00      566.50
      505.75      132.00      588.00
      475.00      128.00      598.00
      459.00      124.00      619.38
      414.50      126.00      597.12
      449.00      124.00      570.38
      446.62      126.00      558.88
      357.00      126.00      574.25
      310.25      120.00      540.50
      259.00      120.00      554.25
      258.12      120.00      570.38
      289.62      120.00      598.00
      304.12      118.00      601.75
      305.62      116.00      638.50
      291.88      116.00      641.62
      344.00      116.00      649.25
      340.12      118.00      519.75
      325.62      114.00      511.38
      366.25      114.00      431.62
      241.38      116.00      410.25
      230.62      116.00      647.00
      202.25      114.00      640.12
      186.88      112.00      656.12
      204.50      110.00      670.75
      200.75      112.00      683.00
      354.00      114.00      657.75
      154.00      114.00      735.88
      357.00      114.00      742.00
      418.38      118.00      675.38
      471.25      120.00      709.12
      558.62      114.00      717.62
      567.75      110.00      578.12
      432.88      110.00      531.38
      252.00      110.00      564.38
      136.38      118.00      301.88
      177.00      116.00      424.50
      513.38      116.00      418.38
      460.50      124.00      167.50
      479.62      126.00      204.38
      362.38      126.00      123.12
      306.50      126.00      120.00
      309.50      126.00      136.88
      476.62      130.00      140.75
      457.38      130.00      241.12
      512.62      132.00      258.75
      544.00      134.00      284.75
      497.25      134.00      303.12
      521.75      138.00      298.62
      560.12      140.00      321.62
      573.12      142.00      326.88
      562.38      142.00      343.00
      544.75      142.00      351.50
      586.12      144.00      307.00
      606.12      142.00      343.00
      624.50      140.00      310.88
      553.25      140.00      205.88
      573.88      144.00      167.50
      532.50      140.00      186.00
      505.75      140.00      197.38
      480.38      136.00      204.38
      490.38      136.00      218.88
      595.38      136.00      622.75
      555.50      132.00      661.25
      502.62      130.00      643.62
      471.25      128.00      653.62
      559.38      128.00      335.25
      614.50      130.00      342.88
      515.62      134.00       76.25
      481.88      134.00      106.88
      461.25      134.00       82.38
      492.62      136.00       47.12
      545.50      138.00       60.12
      558.62      138.00       66.25
      396.88      134.00      225.62
      348.62      132.00      226.00
      459.00      134.00      167.25
      613.75      144.00      259.62
      511.88      144.00      259.12
      585.38      134.00      556.12
      231.38      130.00      646.75
      294.25      126.00      640.62
      457.38      114.00       83.12
      489.62      116.00       47.88
      379.25      106.00      174.50
      445.12      124.00      113.62
      486.50      108.00      744.88
      616.00       86.00      431.62
      440.50       70.00      547.38
      369.25       64.00      516.75
      104.88      116.00      360.38
