      262.00       86.00      635.88
      153.25       86.00      514.00
      172.38       86.00      488.75
      266.62       86.00      445.75
      246.62       90.00      543.88
      369.25       90.00      466.50
      379.25       88.00      481.75
      351.62       88.00      424.38
      207.62       84.00      247.00
      190.75       84.00      295.25
      114.88       88.00      153.50
      150.88       92.00      104.50
      156.25       92.00       91.38
       96.50       92.00       65.38
      231.38       96.00      402.50
      436.75       96.00      271.50
      468.12       94.00      321.38
      468.88       96.00      204.12
      453.62       96.00      197.12
      439.75       96.00       68.50
      381.50       96.00      125.88
      374.62       96.00      135.12
      480.38       92.00      487.62
      506.50       94.00      519.00
      396.12       96.00      568.88
      553.25       96.00      629.38
      606.12      100.00      558.88
      669.62      100.00      586.50
      326.38      102.00      449.25
      177.75       94.00      719.75
      487.25      102.00      246.25
      478.12      100.00      211.75
      551.62      122.00      391.00
      268.12      118.00      304.50
      273.50      128.00      285.25
      320.25      128.00      148.12
      187.62      126.00      189.50
      285.00      120.00      139.75
      216.00      124.00      354.25
      213.00      126.00      401.75
      144.75      126.00      435.50
      315.62      126.00      493.00
      409.12      126.00      485.25
      125.62      132.00      379.50
      163.12      136.00      132.00
      270.50      136.00      250.88
      396.12      138.00      253.88
      331.00      138.00      608.62
      337.88      138.00      629.38
      324.88      136.00      667.62
      347.88      136.00      682.25
      385.38      136.00      655.38
      425.25      136.00      638.50
      487.25      136.00      615.62
      493.38      136.00      588.00
      518.75      138.00      566.50
      526.38      140.00      546.62
      523.38      142.00      508.25
      458.12      142.00      513.62
      449.00      140.00      559.62
      377.00      140.00      519.00
      318.00      140.00      569.62
      317.12      138.00      491.38
      456.62      140.00      443.12
      541.00      140.00      454.62
      551.62      140.00      449.25
      572.38      142.00      416.38
      639.75      140.00      366.50
      474.25      144.00      319.00
      505.75      146.00      319.00
      518.00      146.00      312.12
      455.12      142.00      305.25
      472.00      140.00      334.38
      460.50      146.00      265.38
      481.88      148.00      245.50
      533.25      150.00      294.50
      557.75      148.00      335.12
      514.12      148.00      368.00
      372.38      148.00      328.25
      498.00      150.00      217.88
      496.50      150.00      201.00
      544.75      150.00      244.75
      568.50      150.00      252.38
      604.50      150.00      204.12
      582.38      150.00      152.75
      573.12      150.00      161.88
      585.38      150.00      165.00
      627.50      150.00      145.88
      525.62      150.00      167.25
      495.00      148.00      149.62
      478.12      148.00      175.75
      447.50      148.00      155.00
      566.25      150.00      104.50
      569.25      152.00       79.12
      581.50      154.00       74.62
      580.75      154.00       60.75
      616.00      154.00       70.00
      494.25      152.00       68.50
      534.75      148.00       89.12
      431.38      150.00      106.00
      413.75      150.00       99.12
      442.88      152.00       47.75
      357.00      148.00      231.62
      391.50      148.00      249.25
      329.50      150.00      115.12
      329.50      148.00       79.12
      362.38      148.00       63.88
      329.50      148.00      144.25
      311.88      146.00      180.38
      252.88      144.00      220.12
      256.62      146.00      240.88
      265.88      146.00      247.75
      249.00      146.00      270.75
      413.00      144.00      361.88
      433.62      144.00      393.38
      396.12      142.00      400.25
      398.38      142.00      424.75
      395.38      144.00      383.38
      314.88      142.00      466.12
      274.25      140.00      432.38
      255.88      138.00      424.75
      305.62      146.00      394.12
      200.00      142.00      346.62
      154.75      144.00      332.75
      175.38      142.00      312.88
      157.00      142.00      300.62
      196.12      144.00      159.62
      237.50      148.00      129.00
      153.25      146.00      162.75
      155.50      146.00      132.75
      168.50      146.00      130.50
      140.88      148.00      110.62
      150.12      146.00       57.00
      166.25      148.00       51.62
      173.12      148.00       62.25
      235.25      148.00       79.12
      234.38      148.00       63.88
      273.50      148.00       50.00
      318.00      148.00       34.75
      444.38      148.00       29.38
      186.12      142.00      504.50
      160.88      142.00      519.75
      219.12      138.00      585.62
      209.88      138.00      605.62
      217.62      134.00      652.38
      263.50      134.00      702.88
      330.25      134.00      709.00
      495.00      134.00      694.50
      494.25      134.00      683.00
      473.50      130.00      673.75
      317.12      128.00      661.50
      172.38      136.00      700.62
      127.88      136.00      676.12
      309.50      140.00      192.75
      104.12      140.00      273.25
      108.00      144.00      310.00
      119.50      142.00      461.00
      119.50      142.00      375.12
      111.00      138.00      499.25
      316.38      138.00      647.12
       74.25      146.00      113.88
       76.62      146.00      178.25
       98.75      146.00      256.38
       92.62      146.00      350.75
      669.62      148.00      458.38
      672.75      148.00      391.75
      589.25      134.00      728.88
      123.25      134.00      751.88
      396.88      118.00      425.50
      256.62      114.00      564.88
      477.38      112.00      210.12
      513.38      112.00      102.88
       61.25       96.00       60.75
      100.38      112.00      597.88
      408.38      118.00      476.75
