      131.75      108.00      171.00
      137.88      106.00      138.00
      123.25      108.00      152.50
      163.12      104.00      109.62
      114.88      108.00      201.62
      105.62      108.00      212.38
      131.75      106.00      224.62
      144.75      108.00      221.50
      118.75      108.00      236.12
      118.00      108.00      249.88
      115.62      104.00      263.62
      159.38      102.00      262.88
       97.25      112.00      105.00
      112.62      108.00      154.12
      137.88      104.00      351.00
      137.88      104.00      394.75
      133.25      104.00      420.00
      148.62      104.00      429.25
      131.75      104.00      437.62
      143.25      100.00      453.75
      164.75       96.00      469.75
      174.62       96.00      526.50
      134.00       96.00      520.38
      209.12       94.00      347.25
      222.12       94.00      193.12
      240.50       94.00      234.50
      228.25       90.00      309.62
      207.62       90.00      390.88
      219.88       90.00      476.75
      224.50       90.00      155.62
      247.50       90.00      112.00
      229.88       90.00      118.88
      224.50       90.00       54.50
      270.50       84.00      209.25
      281.12       84.00      180.12
      299.50       82.00      206.25
      298.00       80.00      146.38
      281.88       80.00      112.00
      332.50       78.00      155.62
      324.12       78.00      207.00
      318.00       78.00      220.00
      281.88       78.00      261.38
      278.88       78.00      297.38
      272.75       76.00      308.12
      272.00       78.00      337.25
      261.25       76.00      351.75
      279.62       78.00      360.25
      281.12       78.00      386.25
      331.75       76.00       35.38
      325.62       74.00      325.75
      347.12       70.00      296.62
      327.88       68.00      388.62
      340.12       68.00      394.75
      321.75       68.00      460.62
      308.00       68.00      551.00
      207.62       68.00      469.75
      306.50       72.00      439.88
      304.12       72.00      410.75
      309.50       72.00      209.25
      259.75       78.00      512.75
      249.75       82.00      450.00
      265.12       76.00      575.62
      174.62       78.00      559.50
      288.88       72.00      606.25
      295.75       70.00      630.00
      317.12       68.00      574.12
      315.62       64.00      564.12
      349.38       62.00      551.88
      353.25       58.00      492.88
      363.12       58.00      458.38
      395.38       56.00      443.88
      413.00       58.00      387.12
      376.12       56.00      386.38
      435.25       56.00       51.62
      409.88       56.00       57.00
      431.38       56.00       80.75
      462.00       54.00       60.12
      432.88       56.00      176.62
      403.75       54.00      191.88
      386.88       58.00      182.75
      393.75       60.00      175.00
      396.12       60.00      118.38
      397.62       62.00      268.12
      448.25       52.00      232.88
      446.62       50.00      271.12
      437.50       48.00      304.12
      484.25       48.00      242.00
      468.12       46.00      199.12
      488.88       46.00      168.50
      512.62       40.00       85.00
      528.62       38.00       85.75
      519.50       36.00      159.25
      509.50       36.00      167.75
      534.75       36.00       33.62
      515.62       36.00       21.38
      190.00       40.00      111.00
      170.00       44.00       98.00
      364.75       44.00      310.25
      354.00       42.00      316.38
      462.00       44.00      415.25
      457.38       46.00      482.62
      443.62       48.00      438.25
      406.12       48.00      540.12
      429.88       46.00      599.12
      405.25       46.00      652.00
      340.88       50.00      625.25
      343.25       50.00      540.12
      315.62       46.00      481.12
      459.75       40.00      519.50
      464.25       42.00      576.12
      456.62       40.00      651.25
      481.88       38.00      566.25
      472.75       34.00      582.25
      475.75       34.00      593.75
      533.25       34.00      393.75
      512.62       34.00      393.00
      554.75       28.00      363.88
      551.62       26.00      426.75
      518.00       24.00      531.00
      522.50       24.00      593.00
      552.38       22.00      604.50
      554.75       20.00      640.50
      578.50       16.00      554.75
      590.75       16.00      460.50
      577.00       18.00      426.00
      638.25       14.00      386.12
      648.25       16.00      488.00
      653.62       16.00      475.75
      634.38       12.00      161.62
      616.75       12.00      154.75
      573.12       20.00      138.62
      579.25       20.00       64.25
      560.12       24.00       19.00
      287.25       24.00      149.38
      210.62       26.00      596.12
      523.38       32.00      540.88
      316.38       38.00      471.88
      101.88       48.00      509.50
      344.75       60.00      633.62
      313.38       66.00      636.75
       62.75       66.00      330.12
       62.75       66.00      319.50
      205.25       86.00      626.00
      216.00       86.00      595.25
      198.38       94.00      147.00
      130.25      102.00      553.88
      120.25      102.00      547.00
      140.12       96.00      738.38
      121.00       96.00      671.75
      235.25       78.00      680.25
      232.88       78.00      716.25
      260.50       62.00      719.25
      304.12       62.00      746.12
      288.12       62.00      747.62
      380.00       54.00      646.50
      360.12       54.00      674.12
      368.50       56.00      703.12
      452.00       34.00      704.75
      484.25       34.00      710.88
      578.50       30.00       63.12
      303.38       12.00      506.25
      392.25        6.00       95.75
      678.88        6.00      144.50
      432.12        0.00      214.00
      381.50        0.00      302.12
      616.75        0.00      680.00
      612.25        0.00      725.88
      674.25        0.00      578.38
      696.50        0.00      560.75
      276.62       14.00      418.50
      267.38       70.00      714.88
      332.50       12.00      276.38
      558.62       24.00      187.38
      591.50       24.00      201.25
      613.75       24.00      151.38
