      209.88       46.00      443.75
      298.75       50.00      447.62
      277.38       48.00      638.38
      281.12       48.00      708.88
      314.12       50.00      710.38
      201.50       50.00      439.88
      314.12       50.00      122.62
      365.50       54.00      174.00
      133.25       56.00       52.12
      143.25       54.00       51.38
      124.88       54.00       60.62
      222.12       58.00      472.12
      447.50       58.00      564.00
      559.38       60.00      648.38
      607.62       62.00      702.75
      311.88       66.00      129.62
      262.00       68.00      128.00
      144.00       66.00       49.88
      108.75       42.00      369.12
      123.25       42.00       62.62
      140.12       42.00      723.88
      314.88       60.00      120.75
      663.50       66.00      399.00
      653.62       66.00      235.00
      284.25       78.00      651.88
      267.38       82.00      312.38
      209.88       88.00      434.25
      117.12       88.00      674.12
      515.62       92.00      105.50
      221.38       96.00       64.12
      236.75       98.00       45.75
      590.00       98.00      572.88
      252.00       94.00      579.00
      170.00       96.00      666.38
      152.38       98.00      631.12
      157.00       98.00      597.38
      198.38      102.00      623.50
      130.25       98.00      588.25
      139.38      100.00      567.50
      154.75      100.00      522.38
      180.00      102.00      517.75
      189.25      102.00      545.38
      188.50      102.00      576.75
      216.00      104.00      550.75
      252.00      102.00      570.62
      244.38      102.00      690.88
      201.50      102.00      709.38
      320.25      104.00      689.38
      327.88      104.00      711.62
      347.88      104.00      748.38
      436.00      106.00      729.25
      399.12      106.00      690.88
      474.25      110.00      697.00
      524.12      110.00      666.38
      544.00      112.00      658.75
      556.25      110.00      662.62
      544.75      112.00      632.62
      560.88      112.00      625.00
      655.88      114.00      630.38
      661.25      112.00      682.50
      581.50      114.00      546.12
      590.75      112.00      553.00
      635.25      114.00      507.00
      645.12      110.00      512.38
      523.38      112.00      575.25
      495.75      110.00      576.00
      442.12      110.00      603.62
      408.38      110.00      566.75
      380.75      108.00      585.12
      303.38      104.00      627.38
      544.75      102.00      667.88
      653.62      104.00      691.75
      325.62      106.00      530.75
      331.75      108.00      517.75
      383.12      108.00      509.38
      305.62      106.00      498.62
      273.50      106.00      496.25
      268.88      104.00      535.38
      257.38      106.00      485.50
      288.12      106.00      475.62
      226.75      106.00      442.62
      225.25      106.00      379.75
      173.88      104.00      379.75
      152.38      102.00      346.88
      186.88      106.00      353.00
      207.62      108.00      329.25
      190.75      108.00      306.25
      160.88      106.00      286.38
      163.88      108.00      211.25
      189.25      104.00      195.88
      255.12      108.00      225.00
      273.50      108.00      243.38
      275.00      112.00      212.75
      314.88      112.00      215.88
      307.25      114.00      176.00
      304.88      114.00      154.50
      354.00      114.00      163.00
      372.38      116.00      158.38
      373.88      114.00      190.50
      406.12      116.00      179.00
      414.50      116.00      244.12
      429.88      114.00      268.75
      432.12      114.00      283.25
      463.50      116.00      281.75
      483.50      114.00      314.62
      395.38      112.00      346.12
      419.12      110.00      447.25
      447.50      110.00      461.00
      447.50      112.00      425.00
      449.00      112.00      533.88
      500.38      112.00      529.25
      500.38      112.00      495.50
      510.25      114.00      480.25
      557.75      114.00      527.75
      596.12      114.00      470.25
      615.25      116.00      460.25
      578.50      116.00      426.50
      550.88      114.00      384.38
      539.38      114.00      368.38
      508.75      114.00      376.75
      511.00      114.00      390.50
      491.88      114.00      389.00
      607.62      116.00      369.12
      601.50      116.00      326.12
      563.12      116.00      330.00
      547.88      118.00      318.50
      539.38      114.00      291.62
      531.75      116.00      276.38
      527.88      118.00      251.88
      532.50      116.00      229.62
      656.62      116.00      221.25
      555.50      114.00      136.12
      599.12      118.00      120.75
      626.00      118.00      149.88
      567.75      120.00       54.12
      549.38      120.00       68.75
      436.75      118.00       71.75
      453.62      118.00       71.75
      462.75      118.00       54.88
      360.12      120.00       74.88
      367.75      120.00       27.38
      576.25      122.00       18.25
      647.50      122.00      153.12
      643.62      120.00      288.75
      673.50      120.00       63.38
      324.88      116.00      118.62
      318.00      114.00      107.88
      268.88      112.00      116.25
      288.12      112.00       70.38
      258.12      112.00       74.12
      650.50      112.00      429.00
      241.38      112.00      140.00
      218.38      110.00      143.88
      226.75      112.00      127.00
      182.38      112.00      127.00
      462.75      110.00       35.88
      157.75      110.00       58.88
      152.38      110.00       47.38
      110.25      102.00      409.62
      125.62      102.00      225.75
      113.38      102.00      248.75
      118.00      102.00      240.25
      101.12      102.00      238.00
       93.38      102.00      261.75
       81.12      102.00      284.00
       99.50      102.00      171.25
       90.38      102.00      227.25
      276.62       98.00      652.12
      122.50      104.00      282.75
      359.38      110.00       75.12
      133.25      108.00      201.75
      235.25      108.00       43.12
      591.50      106.00      562.75
       75.75       98.00      539.00
       98.00       48.00      147.38
      717.25       66.00      444.75
      727.88       66.00      648.50
       78.88      102.00       83.75
       58.12      100.00      126.75
      551.62      118.00      475.38
      642.88      124.00       18.62
