      547.88       46.00      343.75
      479.62       48.00      567.50
      535.62       46.00      214.25
      603.75       46.00      244.12
      413.75       64.00      504.75
      386.88       68.00       62.62
      549.38       74.00      517.00
      357.75       74.00      630.38
      601.50       84.00      726.12
      585.38       86.00      718.50
      596.88       84.00      697.88
      643.62       86.00      671.75
      662.75       84.00      705.50
      639.75       86.00      612.00
      620.62       88.00      618.88
      629.00       86.00      588.25
      639.00       88.00      539.25
      583.12       88.00      622.00
      577.00       90.00      688.62
      562.38       92.00      717.75
      618.38       90.00      436.50
      612.25       92.00      422.00
      628.25       92.00      400.50
      573.12       92.00      366.00
      521.75       94.00      286.38
      532.50       96.00      277.12
      570.88       98.00      255.62
      561.62      100.00      243.38
      597.62      102.00       94.75
      572.38      100.00       78.62
      563.12      102.00       52.62
      550.88      102.00       48.75
      541.00      104.00      279.38
      515.62      106.00      296.25
      488.12      108.00      328.50
      534.00      104.00      220.38
      507.25      108.00      157.62
      488.12      110.00      345.38
      485.00      108.00      415.88
      508.75      104.00      422.75
      508.75      106.00      456.50
      478.88      108.00      448.00
      475.75      100.00      438.00
      518.75      100.00      536.88
      538.62      100.00      502.38
      560.12       96.00      524.62
      544.75       96.00      681.00
      501.12       96.00      723.88
      463.50      102.00      736.88
      419.88      102.00      739.25
      420.62       98.00      726.12
      600.75       98.00       32.50
      541.00       96.00      114.50
      615.25       96.00      176.62
      620.62       94.00      165.88
      637.50       94.00      225.62
      641.38       94.00      241.00
      633.62       94.00      142.12
      284.25       92.00      530.12
      213.75       94.00      245.00
      569.25       88.00       84.50
      640.50       86.00      468.38
      636.75       86.00      189.00
      665.88       74.00      653.38
      432.12       52.00      478.25
      645.12       30.00      573.25
      367.75       54.00      722.62
      328.62       60.00      729.62
      137.88       82.00      328.00
      465.88      108.00      572.50
      486.50      106.00      678.25
      442.88      108.00      694.38
      400.00      112.00      682.12
      459.00      112.00      262.12
      433.62      114.00      226.88
      481.88      112.00       94.38
      493.38      110.00       32.25
      419.88      110.00       78.25
      442.88      110.00      315.00
      401.50      114.00      357.88
      403.00      114.00      289.00
      392.25      118.00      293.50
      381.50      122.00      349.50
      362.38      120.00      312.75
      384.62      120.00      204.62
      411.38      118.00      364.88
      416.75      114.00      423.88
      381.50      116.00      483.62
      398.38      116.00      516.50
      406.12      114.00      532.62
      327.88      118.00      681.25
      320.25      120.00      695.12
      298.75      120.00      741.88
      279.62      124.00      685.88
      286.50      116.00      678.25
      281.88      122.00      659.88
      314.88      124.00      410.00
      337.12      126.00      373.25
      315.62      126.00      325.00
      329.50      128.00      221.50
      349.38      124.00      209.25
      346.25      124.00      192.38
      357.75      122.00      172.50
      371.62      124.00       54.50
      308.75      124.00      103.50
      331.75      124.00      142.62
      279.62      126.00      225.38
      293.38      122.00      247.62
      304.88      122.00      258.25
      300.38      120.00      269.00
      160.12      120.00      459.88
      276.62      126.00      524.25
      277.38      128.00      443.00
      274.25      130.00      425.38
      236.75      128.00      511.12
      232.88      126.00      534.12
      238.25      126.00      553.38
      215.25      130.00      586.25
      248.25      126.00      607.75
      189.25      130.00      698.12
      177.75      132.00      713.50
      189.25      132.00      614.62
      179.25      132.00      623.88
      198.38      134.00      449.88
      164.75      136.00      496.62
      164.75      136.00      535.00
      137.12      138.00      511.12
      205.25      136.00      271.38
      247.50      136.00      215.38
      229.00      138.00      200.88
      194.62      136.00      226.88
      272.75      132.00      217.75
      266.62      132.00      283.62
      266.62      134.00      307.38
      294.25      130.00      269.75
      300.38      132.00       62.88
      309.50      130.00       43.00
      219.88      138.00       98.12
      203.75      138.00      123.50
      149.38      140.00      400.12
      136.38      142.00      445.25
      129.50      142.00      378.62
      150.12      142.00      262.12
      145.50      144.00      164.88
      134.75      146.00       95.88
      116.38      148.00      107.38
      111.00      146.00      177.12
      626.00       42.00      285.38
      639.00       38.00      399.50
