      408.38       68.00      323.50
      219.88       72.00      364.88
      386.88       70.00      496.75
      328.62       70.00      442.25
      445.12       70.00      480.62
      511.88       72.00      452.25
      221.38       70.00      588.62
      478.12       74.00      669.12
      568.50       74.00      394.75
      571.62       74.00      365.62
      455.12       74.00      276.00
      206.88       74.00       57.00
      170.88       76.00      339.75
      232.12       80.00      374.25
      216.00       82.00      595.62
      380.75       82.00      164.25
      308.00       82.00      203.25
      437.50       84.00      226.25
      432.88       84.00      237.75
      446.62       84.00      237.75
      192.25       86.00      195.62
      189.25       92.00      207.88
      182.38       92.00      529.75
      195.38       92.00      643.88
      304.12       96.00      537.38
      293.38       96.00      541.25
      468.88      110.00      321.38
      419.12      112.00       45.50
      520.25      112.00      109.00
      593.88      118.00       57.00
      567.75      108.00       28.62
      586.88      106.00       56.12
      241.38      106.00      361.88
      195.38      102.00      419.38
      229.00      102.00      233.25
      348.62      106.00      191.88
      160.12      108.00      230.12
      164.75      108.00      242.38
      154.75      110.00      143.50
      203.00      114.00      189.50
      273.50      116.00      178.75
      286.50      116.00      177.25
      354.00      122.00      238.50
      363.12      122.00      263.12
      337.88      124.00      260.75
      321.75      124.00      275.38
      333.25      124.00      280.75
      324.12      124.00      336.62
      321.75      124.00      356.62
      281.88      124.00      213.25
      295.75      122.00      190.25
      331.00      124.00      145.12
      340.88      126.00       70.75
      339.38      124.00       53.12
      251.25      124.00       37.75
      214.50      124.00       64.62
      239.00      122.00      233.25
      239.75      118.00      283.00
      265.12      122.00      258.50
      203.75      114.00      328.25
      321.00      114.00      327.50
      202.25      116.00      368.88
      203.00      114.00      406.38
      247.50      116.00      414.75
      167.00      114.00      431.62
      180.00      116.00      482.25
      247.50      116.00      587.25
      244.38      118.00      638.50
      243.62      120.00      555.00
      310.25      120.00      524.38
      340.88      122.00      530.50
      379.25      122.00      590.25
      353.25      120.00      647.75
      321.75      118.00      642.38
      396.12      120.00      451.50
      452.00      124.00      447.62
      477.38      126.00      364.12
      465.12      130.00      409.38
      492.62      132.00      453.00
      425.25      128.00      523.50
      429.00      128.00      569.50
      500.38      130.00      545.75
      502.62      130.00      666.00
      478.12      128.00      695.12
      437.50      124.00      644.62
      386.12      120.00      735.00
      575.38      132.00      653.00
      589.25      132.00      654.62
      602.25      132.00      624.62
      585.38      136.00      539.62
      573.12      134.00      488.25
      598.38      130.00      490.62
      524.88      132.00      297.50
      506.50      136.00      285.25
      467.38      132.00      252.25
      454.38      130.00      230.00
      458.12      128.00      174.12
      361.62      126.00      177.88
      350.12      126.00      183.25
      347.88      118.00      191.75
      400.00      126.00      215.50
      409.88      128.00      219.38
      478.12      130.00      195.50
      516.38      128.00       98.88
      534.00      130.00      118.00
      575.38      134.00      164.75
      623.75      138.00      191.50
      634.38      140.00      153.25
      646.62      138.00      147.88
      616.75      136.00       36.00
      472.00      128.00       32.00
      560.88      128.00       46.50
      593.00      122.00      317.00
      215.25      112.00       65.75
      169.25      110.00      360.75
      419.88      100.00       46.50
      440.50       94.00      225.12
      429.00       94.00      235.88
      377.00       94.00      160.00
      296.50       94.00       45.00
      639.00       94.00      414.38
      207.62       64.00       61.12
      524.12      108.00      553.88
