       89.62       54.00      459.25
      120.25       58.00      104.50
      206.12       64.00      206.38
      265.12       68.00      283.00
      281.88       72.00      438.50
      301.88       74.00      691.50
      304.12       76.00      727.50
      173.88       74.00      661.62
      390.75       78.00      303.00
      433.62       80.00      252.38
      390.00       82.00      216.38
      475.00       84.00      160.25
      473.50       84.00      150.25
      447.50       84.00      408.50
      458.12       84.00      422.25
      443.62       84.00      425.38
      507.25       86.00      380.88
      425.25       86.00      501.25
      559.38       90.00      184.38
      571.62       94.00      126.88
      511.88       94.00      369.75
      589.25       96.00      518.38
      353.25       96.00      343.75
      252.00       96.00      386.62
      110.25       92.00      348.25
      534.00       92.00      389.62
      638.25       98.00      146.62
      428.25      108.00      693.88
      280.38      104.00      723.00
      279.62      104.00      736.88
      227.50       64.00       41.00
      154.75       62.00      646.38
       49.75       48.00       92.38
       46.62       48.00       59.38
      226.00      110.00      332.25
      150.12      112.00      356.75
      395.38      116.00      447.12
      523.38      118.00      634.88
      589.25      116.00      502.38
      586.88      120.00      488.50
      582.38      124.00      498.50
      625.25      126.00      570.50
      613.00      122.00      575.88
      524.88      122.00      680.12
      390.00      122.00      618.75
      238.25      120.00      650.25
      209.88      124.00      657.88
      246.62      124.00      722.25
      261.25      126.00      724.50
      301.12      130.00      680.12
      306.50      132.00      597.38
      377.75      136.00      587.38
      384.62      138.00      540.62
      444.38      142.00      618.75
      390.75      136.00      666.38
      462.00      140.00      715.38
      508.00      144.00      629.50
      501.12      146.00      597.38
      505.75      146.00      562.88
      524.12      146.00      559.00
      554.00      150.00      531.50
      568.50      150.00      616.50
      639.00      154.00      703.88
      634.38      156.00      451.75
      612.25      156.00      375.88
      554.00      154.00      377.38
      550.88      152.00      336.00
      593.88      154.00      301.62
      621.38      156.00      284.75
      622.12      156.00      199.62
      604.50      156.00      148.25
      587.62      152.00      156.00
      657.38      152.00      349.88
      656.62      150.00      556.00
      501.88      148.00      213.50
      507.25      148.00      234.88
      499.50      148.00      152.88
      488.12      148.00      141.38
      573.12      148.00       67.12
      452.88      142.00      493.12
      419.12      140.00      435.62
      402.25      140.00      377.38
      396.12      138.00      356.00
      386.12      140.00      389.62
      373.12      138.00      388.88
      354.75      136.00      388.88
      345.50      136.00      503.12
      315.62      132.00      506.12
      268.12      130.00      467.88
      265.12      126.00      457.88
      274.25      128.00      449.50
      233.62      126.00      497.75
      210.62      128.00      506.88
      217.62      130.00      420.38
      311.00      132.00      380.50
      334.75      134.00      438.00
      312.62      136.00      423.38
      366.25      138.00      232.62
      371.62      136.00      152.88
      368.50      136.00       86.25
      332.50      136.00      103.12
      319.50      134.00      120.00
      314.12      132.00      210.38
      358.50      128.00      133.00
      278.88      130.00      339.12
      250.50      130.00      327.62
      291.88      132.00      284.75
      211.38      126.00      359.75
      204.50      124.00      375.12
      168.50      122.00      370.50
      143.25      120.00      362.12
      152.38      122.00      334.50
      157.75      120.00      265.50
      186.12      124.00      211.88
      173.12      122.00      204.25
      140.12      120.00      194.25
      178.50      124.00      187.38
      205.25      126.00      164.38
      239.00      128.00      157.50
      190.75      124.00      135.25
      209.88      126.00       82.38
      612.25      122.00      124.50
      504.88      150.00      320.00
      656.62      158.00      412.62
      668.88      158.00      519.25
      112.62      120.00      356.75
      134.00      118.00      523.00
       90.38      118.00       62.62
       83.50      118.00      131.62
       81.12      116.00      266.38
      200.00      132.00      387.38
       97.25      110.00      730.00
