      437.50      146.00      712.88
      383.12      148.00      670.75
      420.62      150.00      643.88
      353.25      150.00      552.00
      303.38      148.00      536.62
      258.12      148.00      554.25
      190.00      150.00      479.12
      124.12      152.00      326.62
      111.88      148.00      333.62
      255.12      150.00      323.62
      251.25      152.00      249.00
      193.00      154.00      253.50
      412.25      154.00      365.38
      387.62      154.00      423.62
      427.50      152.00      485.75
      583.88      152.00      576.88
      665.12      154.00      583.00
      614.50      156.00      397.62
      606.12      158.00      359.25
      340.12      158.00       78.00
      355.50      158.00       70.38
      500.38      158.00      163.88
      114.12      156.00      342.38
      181.50      156.00      652.75
      193.75      144.00      730.25
      142.50      144.00      588.50
      196.88      160.00      287.38
      514.88      164.00      210.75
      653.62      162.00      193.88
      666.62      162.00      214.50
      667.38      164.00      254.38
      370.00      172.00       98.00
      586.12      174.00      415.88
      208.38      184.00      723.12
      261.25      190.00      728.50
      196.88      190.00      648.75
      171.62      190.00      654.12
      167.75      190.00      672.50
      160.88      192.00      587.50
      245.12      196.00      571.38
      245.88      194.00      630.38
      285.00      196.00      602.00
      295.75      196.00      643.38
      344.75      200.00      605.12
      317.12      202.00      552.25
      383.12      202.00      629.62
      426.75      202.00      627.38
      392.25      200.00      543.75
      354.75      204.00      457.25
      237.50      204.00      392.12
      172.38      202.00      326.88
      272.00      202.00      356.88
      182.38      198.00      444.12
      190.75      200.00      475.62
      121.00      200.00      383.62
      125.62      200.00      297.00
      104.12      200.00      297.88
      126.38      200.00      253.38
      128.62      200.00      204.38
      164.75      202.00      214.25
      151.62      202.00      188.25
      145.50      202.00      154.50
      128.62      202.00      126.12
      105.62      202.00      142.25
      161.62      204.00       51.88
      173.12      206.00       65.75
      128.62      206.00       52.75
      191.50      206.00      152.25
      249.75      206.00       90.25
      229.88      208.00       52.75
      280.38      204.00      166.12
      280.38      204.00      182.25
      278.12      206.00      194.50
      298.00      206.00      201.38
      314.88      202.00      186.00
      301.12      206.00      225.12
      325.62      208.00      224.38
      271.25      206.00      255.75
      258.12      206.00      284.88
      298.00      206.00      348.50
      337.12      206.00      326.25
      381.50      208.00      335.50
      398.38      210.00       81.00
      446.62      212.00       77.25
      452.00      212.00      161.50
      417.62      212.00      201.38
      438.25      210.00      238.12
      426.00      210.00      304.00
      447.50      210.00      287.12
      439.75      208.00      346.12
      449.75      210.00      362.25
      423.75      208.00      373.00
      433.62      210.00      431.25
      447.50      210.00      438.88
      490.38      210.00      333.12
      511.88      212.00      350.75
      527.88      214.00      298.62
      552.38      214.00      360.00
      573.12      214.00      348.50
      590.00      214.00      358.50
      586.88      214.00      414.38
      575.38      212.00      392.88
      563.12      212.00      400.62
      552.38      212.00      415.88
      560.88      208.00      501.75
      529.50      208.00      569.12
      521.75      206.00      609.75
      513.38      204.00      587.50
      502.62      204.00      591.38
      563.12      208.00      597.50
      587.62      208.00      612.12
      555.50      208.00      638.88
      559.38      206.00      651.12
      632.88      208.00      205.12
      562.38      210.00       52.38
      647.50      208.00       84.62
      674.25      208.00      644.00
      688.12      208.00      626.38
      679.62      208.00      618.75
      684.25      208.00      680.00
      695.00      208.00      693.88
      659.75      214.00      549.75
      596.88      216.00      198.75
      546.25      214.00      188.75
      539.38      216.00      132.00
      590.75      216.00       87.62
      616.75      216.00       66.88
      629.00      216.00       85.25
      649.75      218.00      141.25
      655.88      218.00      156.62
      629.00      220.00      205.62
      647.50      224.00      310.62
      684.25      222.00      291.38
      649.00      220.00       82.38
      637.50      220.00       28.62
      645.12      222.00      463.12
      674.25      218.00      507.50
      452.00      206.00      702.88
      463.50      206.00      732.00
      634.38      198.00      320.50
      461.25      196.00      731.25
      395.38      194.00      734.25
      408.38      194.00      741.12
      689.62      194.00      692.12
      442.88      192.00      700.50
      425.25      194.00      679.88
      213.00      192.00      734.25
      239.75      192.00      413.12
      288.12      200.00      355.00
      278.12      194.00      361.12
      113.38      196.00      399.38
      503.38      200.00      712.38
       91.88      168.00      497.62
      675.75      218.00      644.75
