      639.00       54.00      647.12
      597.62       58.00      581.25
      492.62       64.00      593.50
      570.88       68.00      483.12
      477.38       74.00      456.38
      478.88       74.00      446.38
      478.12       74.00      352.12
      667.38       54.00      551.75
      565.50       60.00      420.62
      637.50       74.00      193.88
      404.50       84.00      350.12
      360.88       86.00      441.38
      309.50       86.00      411.50
      295.75       88.00      351.00
      250.50       90.00      426.75
      242.12       90.00      434.50
      296.50       90.00      560.12
      306.50       90.00      566.25
      188.50       90.00      491.12
      340.88       90.00      180.88
      336.38       92.00      165.50
      364.75       94.00      201.50
      308.75       96.00      197.75
      562.38       74.00      419.75
      167.00       96.00      450.38
      541.00       98.00       57.25
      545.50       98.00       69.50
      562.38       98.00       45.00
      522.50      102.00       64.12
      346.25      104.00       37.38
      307.25      104.00       71.88
      337.88      104.00      172.25
      412.25      102.00      392.88
      250.50      102.00      427.38
      243.62      102.00      435.88
      189.25      100.00      493.25
      615.25      102.00      633.50
      596.88      108.00      694.12
      601.50      108.00      677.25
      555.50      108.00      701.00
      532.50      108.00      724.75
      575.38      110.00      599.88
      578.50      112.00      628.12
      545.50      110.00      605.12
      521.75      110.00      601.38
      635.25      110.00      486.38
      577.00      110.00      533.88
      585.38      112.00      543.12
      547.12      114.00      543.12
      541.00      112.00      529.38
      523.38      110.00      544.62
      514.88      110.00      561.50
      562.38      112.00      471.88
      552.38      112.00      475.62
      662.00      112.00      435.12
      535.62      112.00      389.12
      554.75      114.00      388.38
      545.50      116.00      356.88
      566.25      118.00      318.62
      585.38      120.00      316.25
      596.88      118.00      332.38
      600.00      120.00      292.50
      629.00      116.00      324.75
      653.62      116.00      309.38
      661.25      116.00      281.00
      645.12      116.00      271.12
      517.12      116.00      217.50
      533.25      116.00      284.88
      403.00      118.00      257.25
      612.25      118.00       51.12
      484.25      120.00      472.62
      461.25      122.00      425.12
      432.12      122.00      692.50
      379.25      126.00      668.00
      324.88      132.00      615.88
      260.50      134.00      624.38
      246.62      134.00      612.12
      224.50      138.00      595.25
      241.38      140.00      565.38
      216.75      144.00      513.25
      229.00      142.00      468.75
      186.12      146.00      402.88
      273.50      142.00      365.38
      271.25      142.00      403.62
      303.38      140.00      429.00
      327.12      138.00      371.50
      340.12      138.00      314.00
      311.88      138.00      307.12
      275.00      140.00      297.12
      349.38      140.00      227.38
      363.12      138.00      190.62
      352.38      140.00      184.50
      304.88      140.00      180.62
      321.75      140.00      144.62
      334.75      140.00       91.00
      335.62      140.00       78.75
      370.88      140.00      105.62
      281.88      142.00      107.88
      283.50      142.00      119.38
      255.88      144.00      117.88
      235.25      146.00      113.25
      242.12      144.00      104.75
      206.88      148.00      230.50
      187.62      150.00      276.50
      166.25      150.00      258.00
      143.25      148.00      249.62
      134.00      148.00      381.38
      137.88      148.00      583.00
      114.88      148.00      563.00
      107.25      150.00      603.62
      113.38      148.00      176.00
      168.50      154.00      178.38
      194.62      152.00      213.62
      127.88      150.00       78.00
      111.88      158.00      173.75
      406.88      142.00       61.75
      464.25      140.00       81.00
      441.38      136.00      130.75
      423.75      134.00      163.75
      393.75      134.00      250.25
      403.00      132.00      259.50
      411.38      132.00      256.38
      403.00      132.00      294.00
      400.00      132.00      338.38
      383.12      130.00      349.88
      288.12      132.00      717.75
      264.25      130.00      705.50
      242.88      130.00      684.00
      259.75      134.00      749.88
      246.62      134.00      749.88
      206.12      138.00      706.25
      222.88      136.00      684.75
      112.62      142.00      234.25
      303.38      136.00      470.25
      465.12      126.00      261.00
      503.38      128.00      262.62
      481.88      126.00      215.00
      511.88      124.00      211.25
      535.62      124.00      181.38
      514.12      124.00      143.75
      537.88      124.00      134.62
      490.38      128.00      159.12
      465.88      130.00      128.50
      477.38      132.00      122.38
      499.50      130.00       85.50
      490.38      132.00       57.25
      579.25      128.00       68.75
      595.38      126.00       33.38
      536.38      128.00       28.75
      547.12      130.00       22.62
      506.50      136.00       23.38
      465.88      132.00       21.12
      508.75      136.00       46.38
      605.25      130.00       83.12
      480.38      116.00      646.00
      554.00      124.00      389.50
      652.88      106.00      681.50
      675.75      104.00      639.38
      636.00      122.00      140.50
      660.50      122.00      161.88
      668.12      110.00      473.12
