      610.62       80.00      510.75
      559.38       80.00      474.75
      569.25       76.00      478.62
      581.50       74.00      480.88
      577.00       78.00      434.88
      623.75       76.00      419.62
      570.88       76.00      298.50
      562.38       78.00      285.50
      644.38       76.00      262.50
      645.12       76.00      230.25
      586.88       76.00      152.88
      522.50       76.00      142.12
      564.75       78.00       51.00
      595.38       78.00       51.00
      601.50       84.00      114.62
      473.50       86.00       61.00
      577.00       92.00       67.12
      432.12       90.00      132.25
      324.88       92.00      162.88
      216.75       96.00       70.12
      176.12      100.00      186.62
      226.00      100.00      295.38
      236.75      102.00      320.00
      193.75      104.00      313.00
      567.00      104.00      242.50
      441.38      104.00       84.75
      629.00      106.00      438.75
      373.88      108.00      679.38
      396.88      110.00      725.38
      375.38      112.00      726.88
      522.50      114.00      714.62
      645.12      116.00      543.00
      652.00      122.00      556.00
      382.38      120.00      700.75
      386.12      118.00      737.62
      323.25      118.00      711.50
      308.75      116.00      687.00
      301.88      114.00      702.38
      321.00      120.00      694.62
      313.38      124.00      736.00
      296.50      120.00      743.75
      246.62      120.00      745.25
      298.75      130.00      726.88
      290.38      130.00      737.62
      249.75      132.00      714.62
      208.38      134.00      729.12
      200.00      136.00      701.62
      214.50      134.00      695.38
      226.00      134.00      716.88
      165.50      134.00      617.25
      180.75      138.00      582.75
      205.25      126.00      693.88
      193.75      118.00      736.00
      305.62      112.00      736.88
      350.88      110.00      721.50
      311.88      110.00      705.38
      229.00      110.00      746.75
      340.12      102.00      729.12
      239.00      102.00      743.00
      222.88      104.00      549.12
      315.62       98.00      735.25
      260.50       90.00      537.62
      314.88       90.00      724.50
      229.00       84.00      572.12
      366.25       82.00      707.75
      362.38       84.00      729.88
      390.75       80.00      722.25
      354.00       90.00      698.50
      425.25       80.00      132.25
      438.25       82.00       74.75
      390.00       84.00      126.88
      373.12       82.00      139.88
      324.12       82.00      170.50
      267.38       86.00      134.50
      225.25       88.00      237.25
      186.88       86.00      260.12
      390.00       80.00      217.25
      414.50       80.00      224.88
      376.12       82.00      290.88
      322.50       82.00      321.50
      108.75       90.00      129.88
      234.38       92.00      329.88
      573.12       92.00      435.62
      403.00       98.00      398.88
      215.25       98.00      300.75
      653.62      100.00      353.62
      534.75       98.00      592.00
      429.88       94.00      550.62
      336.38       96.00      739.12
      340.12       88.00      428.75
      186.12       88.00      372.88
      304.88       82.00      483.12
      527.12       90.00      595.88
      373.12      110.00      270.12
      383.12      114.00      326.88
      217.62      116.00      315.38
      416.75      116.00      120.00
      529.50      118.00      215.75
      631.38      118.00      184.38
      620.62      118.00      111.50
      477.38      122.00       87.75
      464.25      126.00      151.38
      256.62      128.00      257.88
      207.62      132.00      263.25
      273.50      138.00      497.00
      280.38      138.00      516.12
      237.50      140.00      486.25
      215.25      138.00      472.50
      255.88      138.00      457.88
      286.50      138.00      453.25
      283.50      138.00      438.00
      293.38      136.00      474.00
      304.88      136.00      465.50
      371.62      136.00      465.50
      304.12      134.00      523.00
      324.88      134.00      559.00
      249.75      138.00      569.00
      133.25      138.00      670.88
      148.62      140.00      485.50
      151.62      142.00      414.25
      139.38      144.00      395.88
      119.50      144.00      373.62
      129.50      144.00      290.88
      174.62      142.00      310.75
      174.62      142.00      342.12
      200.75      140.00      385.12
      232.12      140.00      395.00
      236.75      140.00      360.62
      260.50      140.00      366.75
      285.75      138.00      382.00
      206.12      134.00      467.12
      213.75      132.00      456.38
      334.00      130.00      669.38
      398.38      130.00      654.00
      406.88      130.00      640.25
      419.12      130.00      615.00
      410.62      130.00      572.12
      392.25      130.00      576.62
      443.62      126.00      661.75
      456.62      128.00      693.12
      425.25      126.00      720.00
      337.88      126.00      703.12
      463.50      126.00      624.12
      474.25      126.00      632.62
      494.25      124.00      637.25
      508.75      126.00      658.62
      527.12      124.00      672.50
      516.38      124.00      718.38
      600.75      124.00      679.38
      629.88      124.00      663.25
      659.00      122.00      690.12
      659.75      124.00      627.25
      592.25      126.00      573.62
      563.12      126.00      578.25
      531.00      124.00      598.88
      532.50      130.00      611.12
      485.00      128.00      559.00
      472.00      132.00      550.62
      478.12      130.00      480.12
      496.50      130.00      469.38
      478.12      130.00      440.25
      478.12      130.00      415.75
      492.62      130.00      382.75
      504.12      132.00      382.00
      540.12      130.00      328.38
      561.62      128.00      326.12
      547.88      128.00      490.12
      576.25      128.00      534.50
      580.00      126.00      501.62
      573.88      126.00      475.50
      593.00      126.00      434.88
      628.25      124.00      409.62
      655.88      124.00      428.75
      658.12      124.00      502.38
      625.25      124.00      483.12
      281.88      122.00      516.12
      307.25      128.00      457.12
      351.62      136.00      461.00
      334.75      134.00      399.62
      411.38      136.00      333.75
      419.12      134.00      372.88
      103.38      134.00      485.50
      354.00      138.00      258.62
      371.62      138.00      254.00
      364.75      136.00      221.88
      401.50      138.00      258.62
      423.75      136.00      247.12
      418.38      138.00      190.50
      280.38      140.00      192.00
      303.38      140.00      138.38
      378.50      138.00      166.75
      381.50      124.00      164.38
      514.12      122.00      230.25
      484.25      126.00      310.00
      481.12      132.00      320.75
      460.50      134.00      331.50
      468.12      134.00      252.50
      489.62      134.00      234.12
      514.88      132.00      294.62
      393.75      130.00      277.00
      477.38      130.00      187.38
      425.25      130.00      184.38
      548.62      130.00      200.38
      552.38      130.00      225.75
      590.00      130.00      253.25
      596.88      130.00      198.12
      606.12      128.00      160.62
      606.12      128.00      133.00
      563.88      130.00      162.12
      554.00      132.00      114.62
      471.25      134.00       30.88
      472.00      140.00       68.50
      419.88      136.00       83.75
      400.75      136.00       97.50
      398.38      136.00       47.00
      288.12      142.00       83.00
      264.25      142.00       76.88
      285.00      140.00       46.25
      180.75      142.00       52.38
      172.38      146.00       58.50
      152.38      144.00       62.25
      129.50      146.00       61.50
      135.62      144.00       82.25
      136.38      146.00       93.75
      144.00      138.00       83.75
      186.12      144.00      157.38
      176.12      144.00      182.62
      149.38      144.00      175.75
      119.50      144.00      201.00
      112.62      146.00      191.88
       98.00      146.00      121.38
      193.75      146.00      440.88
       91.12      148.00      240.88
       76.62      148.00      238.50
       87.25      148.00      214.00
       82.75      148.00      194.12
      100.38      146.00      293.75
       98.00      146.00      430.12
       87.25      146.00      439.38
      112.62      146.00      488.38
      377.75      136.00      600.25
      570.88      132.00      387.25
      442.88      134.00      516.75
      641.38      102.00       85.25
      572.38       76.00       17.12
      400.00       86.00      679.38
      386.88       84.00      687.12
      124.88       90.00      436.50
      486.50      112.00      380.12
      198.38      116.00      513.38
      498.00      118.00      452.88
      497.25      124.00      462.00
      652.00      126.00      305.75
      657.38      124.00      216.88
      674.25      124.00      222.25
      676.62      126.00      236.75
      675.75      126.00      289.62
      162.38      134.00       61.38
       95.75      148.00       46.12
      491.12      120.00      387.25
      547.12      116.00      703.75
      675.75      118.00      604.12
      678.12      118.00      635.62
      681.88      118.00      594.25
      680.38      122.00      614.12
      108.00      124.00       70.75
       94.25       92.00      480.00
      131.00       92.00      703.75
      579.25      132.00      399.50
      134.75      112.00      698.38
      636.00      114.00      417.12
