      631.38       22.00       40.25
      622.88       24.00      150.62
      620.62       28.00      454.00
      524.12       32.00      282.38
      544.00       34.00      662.50
      534.00       36.00      693.12
      636.75       28.00      644.12
      641.38       28.00      654.88
      634.38       26.00      689.25
      672.00       28.00      641.00
      439.75       36.00       67.88
      389.25       40.00       88.50
      383.88       40.00      118.38
      316.38       44.00      104.62
      242.12       48.00       43.38
      229.88       50.00       70.12
      455.88       52.00      308.50
      495.75       52.00      606.50
      408.38       50.00      636.38
      403.75       46.00      393.50
      522.50       42.00      641.00
      462.75       40.00      698.50
      336.38       54.00      541.38
      301.88       58.00      435.62
      279.62       64.00      586.62
      284.25       58.00      568.25
      275.75       62.00      464.00
      283.50       64.00      313.88
      224.50       66.00      371.25
      232.12       70.00      527.62
      242.12       74.00      534.50
      335.62       74.00      584.38
      564.75       74.00      579.00
      547.88       76.00      551.38
      272.00       80.00      334.50
      341.75       78.00      203.50
      410.62       78.00      114.62
      495.00       84.00       39.50
      485.00       84.00       44.88
      600.75       84.00      284.75
      529.50       84.00      477.00
      499.50       86.00      676.25
      495.75       86.00      697.00
      232.12       86.00      574.38
      405.25       88.00      291.62
      435.25       90.00      279.38
      507.25       92.00      257.88
      144.00       88.00      301.38
      493.38       84.00       50.00
      173.12       78.00       77.62
      105.62       72.00      201.75
      255.88       72.00      100.62
      137.88       62.00      125.12
      652.00       22.00      276.12
      539.38       48.00      695.12
      513.38       62.00      698.12
      249.00       68.00      603.12
       77.38       76.00      225.38
      229.00       82.00      528.00
      134.00       86.00      498.12
      506.50       90.00      686.62
      558.62       90.00      700.50
      616.00       90.00      722.62
      183.12       94.00      400.12
      199.12       94.00      280.50
      318.75       94.00       59.12
      514.12       96.00      480.50
      532.50       96.00      482.12
      196.12      100.00      503.50
      321.75      102.00       36.88
      360.12      104.00       64.50
      327.88      108.00       89.75
      304.12      112.00       87.38
      273.50      110.00       62.12
      276.62      112.00       88.25
      282.75      112.00      105.88
      155.50      116.00       57.50
       91.12      118.00      203.12
      274.25      120.00      303.50
      142.50      120.00      271.38
      394.62      120.00      287.38
      409.88      120.00      309.62
      406.12      120.00      267.50
      387.62      118.00      254.50
      439.75      116.00      239.88
      425.25      114.00      250.62
      487.25      114.00      293.50
      488.88      118.00      282.88
      442.12      118.00      310.38
      514.12      116.00      329.62
      514.12      116.00      357.88
      543.25      114.00      344.12
      544.75      112.00      318.12
      560.88      112.00      312.75
      593.00      110.00      252.12
      524.88      110.00      204.62
      439.00      108.00      152.50
      418.38      106.00      104.25
      414.50      106.00       68.25
      430.62      104.00       91.25
      406.12      108.00       79.75
      529.50      104.00      166.38
      541.00      104.00      166.38
      566.25      104.00      242.25
      575.38      106.00      233.00
      589.25      106.00      221.50
      603.75      108.00      220.00
      338.62      106.00      200.88
      252.00      106.00      285.12
      206.12      104.00      280.50
      202.25      106.00      514.25
      264.25      104.00      574.00
      332.50      110.00      570.25
      337.12      108.00      502.75
      272.75      112.00      618.50
      229.88      116.00      649.12
      278.12      114.00      743.38
      386.12      118.00      543.38
      431.38      122.00      620.00
      431.38      120.00      662.12
      479.62      118.00      618.50
      386.88      124.00      624.62
      336.38      124.00      508.12
      378.50      124.00      361.00
      430.62      122.00      371.75
      235.25      124.00      206.25
      188.50      126.00      160.25
      167.00      130.00      203.88
      167.00      130.00      203.88
      113.38      132.00      170.12
      144.00      130.00      282.12
      268.88      130.00      307.38
      294.25      130.00      374.00
      281.12      132.00      485.12
      368.50      128.00      495.88
      395.38      124.00      541.12
      375.38      122.00      537.25
      343.25      128.00      630.00
      281.88      134.00      432.25
      259.00      138.00      394.75
      228.25      136.00      347.25
      180.75      140.00      310.38
      177.00      142.00      364.00
      197.62      140.00      404.62
      164.75      142.00      426.12
      147.88      140.00      288.25
      236.75      138.00      424.62
      161.62      140.00      663.62
      176.12      144.00      640.75
      233.62      142.00      600.12
      217.62      142.00      669.75
      221.38      142.00      682.88
      253.62      136.00      674.38
      249.75      138.00      687.38
      265.12      134.00      656.75
      264.25      134.00      715.00
      509.50      118.00      513.50
      533.25      116.00      512.75
      551.62      112.00      549.50
      606.88      110.00      503.50
      508.00      108.00      523.50
      412.25      106.00      685.12
      536.38      104.00      587.00
      544.75      108.00      595.50
      548.62      110.00      610.75
      580.75      108.00      609.25
      553.25      108.00      688.25
      557.75      106.00      708.12
      534.00      106.00      729.62
      583.88      102.00      704.25
      629.88      112.00      472.88
      612.25      112.00      412.38
      600.75      112.00      397.00
      640.50      110.00      349.50
      675.75       98.00      676.75
      549.38       96.00      161.38
      578.50       96.00      189.75
      564.75       96.00       71.75
      501.12       98.00       48.00
      483.50      100.00       48.75
      485.75       96.00       38.00
      559.38      102.00      139.25
      688.88       42.00      680.62
      651.25       96.00      142.62
      623.75       96.00       62.25
      135.62       96.00      496.75
      668.88      102.00      485.25
      267.38      110.00      745.38
      128.62      118.00      655.38
       89.62      126.00      136.50
      113.38      154.00      445.38
      127.12      154.00      662.25
      183.88       88.00      753.50
      570.00       96.00      698.38
      152.38      122.00      269.25
       69.62      128.00      102.12
       95.75      120.00      604.88
      697.25      102.00      622.50
      701.88      102.00      636.25
      642.12       28.00      122.88
      650.50      100.00      157.38
      193.00      104.00      756.62
      220.62      104.00      758.12
