      531.00      252.00      144.75
      570.00      252.00      226.75
      570.88      252.00      252.00
      590.00      252.00      279.62
      623.75      254.00      383.00
      612.25      254.00      250.50
      613.75      252.00      599.12
      617.62      252.00      579.25
      634.38      252.00      552.38
      593.00      250.00      571.50
      591.50      250.00      547.75
      636.75      252.00      708.75
      661.25      250.00      699.50
      644.38      254.00      432.12
      678.12      254.00      510.25
      535.62      244.00      341.62
      527.12      244.00      281.12
      497.25      242.00      276.50
      489.62      242.00      289.50
      508.75      240.00      321.00
      491.88      238.00      337.88
      514.12      240.00      378.50
      511.00      236.00      370.00
      467.38      238.00      260.50
      532.50      238.00      141.62
      495.75      242.00      224.38
      391.50      236.00       31.38
      374.62      234.00       35.12
      398.38      236.00       55.88
      396.88      232.00      184.62
      428.25      232.00      321.75
      442.12      232.00      356.25
      451.25      234.00      374.62
      422.12      232.00      388.38
      416.00      230.00      359.25
      390.75      228.00      362.38
      409.88      226.00      447.38
      403.75      224.00      459.62
      370.88      224.00      390.00
      367.00      224.00      337.88
      324.12      222.00      287.25
      330.25      226.00      109.50
      363.12      230.00      150.12
      383.12      228.00      290.38
      382.38      228.00      271.12
      402.25      232.00      257.38
      481.88      232.00      547.75
      491.88      232.00      678.12
      518.00      234.00      671.12
      626.00      232.00      544.00
      534.75      240.00      609.12
      545.50      242.00      529.38
      538.62      242.00      460.50
      529.50      246.00      466.62
      547.12      238.00      655.12
      580.00      236.00      708.00
      593.88      234.00      727.88
      339.38      218.00      340.88
      379.25      216.00      283.38
      293.38      216.00      324.00
      276.62      214.00      338.62
      271.25      212.00      431.38
      275.00      210.00      475.00
      297.25      210.00      557.00
      306.50      208.00      611.38
      292.62      206.00      675.00
      297.25      208.00      686.50
      310.25      208.00      688.00
      320.25      208.00      689.50
      331.00      208.00      686.50
      251.25      206.00      516.38
      245.12      206.00      501.88
      183.88      204.00      310.25
      176.12      202.00      286.50
      165.50      200.00      256.62
      166.25      202.00      232.12
      184.62      206.00      182.25
      170.00      206.00      150.12
      147.88      204.00      121.75
      148.62      206.00      154.75
      134.00      202.00      176.12
      214.50      210.00      234.38
      233.62      212.00      246.62
      262.00      214.00      279.62
      275.00      216.00      301.88
      288.88      220.00      147.00
      304.88      214.00      198.38
      301.12      218.00      259.62
      268.12      222.00      117.12
      255.12      218.00       62.00
      242.12      214.00       64.25
      221.38      214.00       94.12
      213.00      200.00      488.75
      344.75      200.00      445.12
      487.25      198.00      426.00
      608.38      196.00      427.50
      574.62      192.00      527.88
      545.50      188.00      554.75
      520.25      184.00      534.75
      481.88      180.00      612.88
      455.88      176.00      622.88
      400.00      176.00      288.00
      424.50      178.00      302.62
      449.00      184.00      212.12
      175.38      196.00      498.75
      147.88      194.00      455.12
      140.12      192.00      445.88
      174.62      194.00      559.25
      169.25      194.00      606.75
      217.62      198.00      612.12
      209.88      196.00      654.25
      204.50      194.00      675.00
      221.38      196.00      690.38
      554.75      190.00      717.12
      556.25      190.00      730.12
      550.88      206.00       28.38
      190.75      146.00      473.12
      194.62      148.00      506.12
      167.75      144.00      478.50
      176.12      148.00      426.38
      148.62      146.00      416.38
      142.50      142.00      435.62
      130.25      142.00      477.75
      217.62      152.00      483.62
      272.00      158.00      548.75
      259.75      158.00      735.00
      249.75      154.00      695.88
      140.12      138.00      615.38
      163.12      212.00       83.00
      346.25      218.00      525.88
      361.62      218.00      673.75
      401.50      220.00      697.62
      417.62      218.00      709.00
      394.62      218.00      659.25
      403.00      220.00      651.62
      396.88      218.00      627.88
      367.00      216.00      647.00
      370.00      222.00      484.50
      631.38      222.00      560.38
      432.88      224.00      734.75
      445.88      222.00      733.50
      348.62      210.00      692.25
      623.75      206.00      611.88
      400.75      220.00      673.50
      629.88      216.00      551.00
      688.12      254.00      457.50
      693.38      254.00      468.25
      691.12      254.00      478.12
      679.62      254.00      544.00
      622.88      254.00      241.38
      582.38      254.00      136.38
      688.12      248.00      674.00
      221.38      170.00      484.25
      140.88      190.00      507.25
