      584.62      120.00      118.88
      599.12      116.00      118.88
      575.38      120.00      129.62
      523.38      120.00       72.12
      524.12      120.00       59.88
      500.38      118.00      141.88
      472.75      118.00      120.38
      638.25      118.00       46.88
      605.25      116.00      255.25
      571.62      116.00      252.12
      567.75      116.00      296.62
      579.25      116.00      341.88
      625.25      114.00      367.88
      503.38      116.00      178.62
      470.50      118.00      195.50
      423.75      116.00      200.12
      401.50      116.00      213.88
      423.75      116.00      242.25
      432.88      120.00      131.88
      439.00      116.00      289.00
      383.12      114.00      258.25
      360.88      114.00      269.00
      311.88      114.00      270.62
      286.50      114.00      275.12
      275.75      114.00      260.62
      249.00      112.00      275.12
      212.25      110.00      252.12
      190.00      112.00      239.12
      227.50      116.00      197.00
      254.38      114.00      125.00
      287.25      116.00      124.25
      282.75      112.00      174.75
      256.62      112.00       80.50
      160.12      114.00       82.88
      150.88      112.00       68.25
      104.12      112.00      114.25
      118.00      112.00      167.12
      165.50      112.00      173.25
      111.00      110.00      227.62
      126.38      110.00      272.12
      151.62      110.00      312.75
      177.75      110.00      312.75
      233.62      108.00      396.25
      245.12      110.00      410.00
      237.50      106.00      420.00
      185.38      108.00      427.62
      126.38      108.00      443.75
      327.88      108.00      331.12
      316.38      112.00      333.38
      374.62      114.00      322.62
      393.75      116.00      332.62
      460.50      112.00      386.25
      413.00      112.00      367.88
      417.62      112.00      379.38
      369.25      112.00      409.25
      347.12      106.00      373.25
      397.62      102.00      339.50
      314.88      102.00      263.62
      286.50      102.00      282.12
      460.50      100.00      500.50
      453.62       98.00      508.12
      511.88       96.00      520.38
      384.62       98.00      546.38
      283.50       98.00      575.50
      306.50      108.00      388.62
      286.50      110.00      433.00
      247.50      110.00      484.38
      299.50      108.00      522.62
      322.50      108.00      538.00
      285.00      106.00      567.12
      421.38      110.00      536.50
      389.25      108.00      547.25
      427.50      112.00      474.38
      446.62      112.00      444.50
      444.38      112.00      432.25
      467.38      112.00      460.62
      498.75      110.00      434.50
      458.12      110.00      495.88
      461.25      106.00      513.50
      541.00      108.00      541.12
      638.25      110.00      494.38
      644.38      110.00      466.00
      627.50      112.00      446.00
      633.62      112.00      416.88
      593.88      110.00      438.38
      672.00      110.00      438.38
      666.62      110.00      496.62
      642.88      108.00      558.75
      619.88      106.00      571.75
      627.50      106.00      610.00
      638.25      104.00      612.38
      672.75      106.00      583.25
      681.88      104.00      600.12
      617.62      104.00      718.88
      544.75      104.00      697.38
      557.75      106.00      646.88
      498.00      104.00      667.50
      495.75      108.00      622.25
      447.50      104.00      643.75
      437.50      104.00      649.88
      430.62      104.00      666.00
      410.62      104.00      706.62
      422.12      104.00      722.62
      439.00      104.00      721.88
      477.38      104.00      728.00
      341.75      104.00      695.12
      301.88      104.00      671.38
      213.75      104.00      613.12
      187.62      104.00      622.25
      180.00      104.00      652.12
      143.25      104.00      618.50
      505.75      104.00      145.00
      501.88      104.00      132.75
      495.75      108.00      141.88
       87.25      112.00      198.25
       84.25      112.00      172.25
       80.38      110.00       61.12
      638.25      110.00      369.88
      651.25      116.00      211.25
      651.25      116.00      155.38
      182.38       90.00      210.75
      202.25       86.00      484.25
      171.62       92.00      504.25
      534.75      116.00      355.50
      434.38       50.00      549.50
      463.50       50.00      511.12
      452.88       54.00      643.00
      356.25       52.00      543.38
      245.88       52.00      486.62
      152.38       54.00      289.00
      307.25       54.00      293.50
      347.12       54.00      244.50
      391.50       56.00      239.12
      356.25       58.00      161.00
      186.12       56.00      159.50
      462.00       58.00       87.38
      343.25       58.00       56.75
      573.12       58.00      177.12
      549.38       54.00      262.88
      560.12       52.00      268.25
      386.12       52.00      305.88
      606.88       52.00      462.88
      607.62       50.00      512.75
      584.62       56.00      531.88
      596.12       58.00      535.75
      366.25       60.00      720.38
      412.25       66.00      361.38
      396.12       68.00      218.88
      411.38       66.00      179.00
      344.00       72.00      294.00
      570.88       88.00      505.38
       98.75      100.00      568.62
      656.62      114.00      348.12
      104.88      104.00      371.00
      684.25      112.00      430.00
