      177.75       94.00      645.75
      163.12       96.00      649.50
      153.25       96.00      617.38
      145.50       98.00      656.50
      229.88       94.00      295.50
      141.75       94.00      100.12
      114.12       92.00      171.38
      150.12       94.00      553.75
      176.12       94.00      572.88
      258.12      104.00      508.50
      137.12      104.00      384.38
      340.12      104.00      221.25
      257.38      110.00      543.75
      221.38      114.00      534.62
      197.62      114.00      498.62
      165.50      112.00      555.25
      139.38      112.00      515.50
      146.25      114.00      599.00
      181.50      112.00      638.00
      190.75      116.00      658.00
      203.00      116.00       90.88
      119.50      120.00      142.25
      290.38      116.00      311.62
      363.88      120.00      201.25
      494.25      120.00      140.00
      593.00      124.00      180.62
      548.62      122.00      295.50
      559.38      128.00      291.62
      416.75      128.00      258.75
      324.88      130.00      268.75
      262.00      134.00      587.50
      493.38      138.00      504.00
      199.12      144.00      173.62
      344.00      142.00      144.50
      321.00      142.00      269.50
      130.25      144.00      317.00
      181.50      146.00      389.00
      234.38      150.00      407.38
      255.12      152.00      297.00
      241.38      150.00      294.75
      349.38      148.00      333.12
      334.75      146.00      404.38
      265.12      148.00      520.75
      234.38      144.00      511.62
      222.12      142.00      503.12
      150.88      140.00      471.75
      142.50      140.00      458.00
      202.25      140.00      461.75
      213.75      140.00      474.12
      157.00      142.00      404.38
      148.62      142.00      376.00
      182.38      140.00      526.12
      202.25      140.00      607.38
      193.75      138.00      642.62
      183.88      138.00      612.00
      218.38      138.00      667.12
      190.75      138.00      671.75
      188.50      138.00      685.50
      166.25      138.00      411.25
      127.88      136.00      406.62
      136.38      136.00      417.38
      213.75      138.00      454.88
      259.00      136.00      604.38
      150.12      136.00      628.12
      122.50      144.00      102.38
      173.88      148.00      153.00
      139.38      150.00       87.88
      205.25      152.00      103.12
      296.50      152.00      218.88
      295.75      156.00      232.62
      246.62      158.00      259.50
      283.50      160.00      120.00
      439.00      158.00      110.88
      331.00      152.00       48.75
      331.75      160.00      346.12
      354.00      162.00      340.00
      337.88      162.00      381.38
      366.25      164.00      379.75
      320.25      160.00      418.88
      331.75      158.00      439.62
      367.00      156.00      451.12
      331.00      156.00      494.00
      377.75      166.00      409.75
      397.62      164.00      405.88
      400.00      162.00      386.00
      399.12      164.00      466.38
      410.62      162.00      483.25
      415.25      162.00      451.88
      435.25      164.00      475.62
      428.25      164.00      430.38
      449.00      170.00      416.62
      483.50      172.00      402.00
      456.62      172.00      266.38
      419.12      170.00      212.00
      427.50      170.00       81.75
      371.62      166.00      116.25
      333.25      166.00       61.00
      334.75      164.00       45.75
      489.62      166.00      310.88
      494.25      162.00      351.50
      570.00      170.00      332.25
      499.50      170.00      323.12
      488.12      170.00      322.38
      501.12      172.00      346.88
      354.75      168.00      207.38
      476.62      174.00      169.12
      501.12      178.00      244.12
      496.50      180.00       91.62
      567.75      182.00      334.62
      553.25      182.00      321.62
      560.88      184.00      311.62
      580.00      186.00      287.88
      607.62      188.00      291.62
      618.38      188.00      217.38
      601.50      188.00       68.75
      606.88      190.00       42.62
      570.88      184.00      133.12
      567.75      186.00      148.38
      522.50      174.00      376.75
      537.12      174.00      423.50
      505.75      172.00      449.50
      503.38      170.00      476.38
      530.25      168.00      510.12
      552.38      168.00      561.38
      561.62      166.00      574.50
      511.88      168.00      442.62
      575.38      172.00      493.25
      637.50      172.00      417.38
      622.88      174.00      552.25
      443.62      164.00      537.62
      456.62      164.00      556.00
      472.00      164.00      579.75
      442.12      162.00      591.25
      436.00      160.00      574.50
      417.62      160.00      575.25
      462.75      158.00      621.25
      393.75      156.00      572.12
      390.75      156.00      534.62
      370.00      156.00      584.38
      360.88      154.00      607.38
      373.88      152.00      631.12
      443.62      152.00      650.25
      468.12      152.00      690.88
      455.12      154.00      696.25
      411.38      154.00      703.12
      418.38      154.00      721.62
      396.88      152.00      730.00
      329.50      148.00      716.25
      235.25      144.00      475.62
      415.25      154.00      381.38
      467.38      154.00      511.62
      549.38      154.00      453.38
      127.12      154.00      319.25
      491.88      166.00      396.62
      613.00      170.00      715.50
      575.38      170.00      133.88
      586.88      162.00      716.25
      629.00      164.00      229.62
      363.12      166.00      451.12
      509.50      158.00      443.38
      462.00      156.00      609.75
      108.00      150.00      261.00
      635.25      130.00      219.62
      158.50      128.00      392.12
      182.38      128.00      508.50
      405.25      126.00      594.38
      437.50      124.00      618.12
      624.50      122.00      612.00
      484.25      118.00      176.00
      383.88      104.00      428.88
      484.25      112.00      651.88
      508.75      106.00      660.25
      234.38      124.00      579.75
      183.88      128.00      675.62
      217.62      128.00      513.88
      224.50      126.00      484.00
      330.25      176.00       47.25
      657.38      186.00      497.00
      144.75      120.00      405.75
      151.62      124.00      384.25
      198.38      120.00      511.50
      226.00      120.00      509.12
      186.88      130.00      629.50
      668.12      142.00      703.88
      669.62      184.00      437.00
