      353.25       42.00      678.62
      393.75       42.00      729.25
      245.88       38.00      628.12
      240.50       46.00      622.75
      264.25       46.00      469.50
      219.88       48.00      466.38
      400.75       48.00      286.38
      467.38       48.00      371.38
      322.50       48.00      345.38
      396.88       44.00      340.75
      586.88       46.00      465.62
      642.12       44.00      538.38
      644.38       44.00      551.50
      485.75       44.00      566.75
      388.50       42.00      543.75
      670.50       44.00      346.88
      662.00       44.00      408.88
      691.88       44.00      477.12
      556.25       46.00      222.00
      462.75       54.00      172.88
      657.38       54.00      415.88
      590.75       58.00      678.62
      381.50       52.00      163.00
      370.00       52.00      156.88
      265.12       52.00      192.88
      258.12       52.00      123.88
      326.38       54.00       96.25
      272.00       54.00       67.12
      170.00       54.00       98.62
      158.50       54.00       95.50
      334.75       94.00      235.75
      377.00       94.00      122.38
      396.12       98.00      112.38
      386.88       92.00      119.25
      162.38       94.00      368.38
      183.12       94.00      346.88
      163.12       98.00      333.88
      173.12      100.00      340.00
      142.50       98.00      353.75
      143.25      102.00      312.38
      127.12       98.00      313.88
      154.00      102.00      234.25
      301.12       80.00      198.38
      617.62       86.00      658.00
      140.88       88.00      304.00
      506.50       90.00      445.00
      494.25       92.00      539.25
      501.88       98.00      541.62
      487.25      100.00      538.50
      281.88      100.00      481.00
      368.50      100.00      471.88
      337.88      100.00      562.25
      356.25      104.00      574.50
      288.88      102.00      632.75
      269.62      102.00      570.75
      327.88      104.00      399.88
      295.75      102.00      406.75
      278.88      102.00      404.38
      221.38      102.00      394.50
      300.38      102.00      358.50
      312.62      102.00      342.38
      264.25      102.00      315.50
      296.50      102.00      284.88
      282.75      102.00      264.12
      338.62      106.00      302.50
      347.88      104.00      261.88
      330.25      104.00      236.62
      290.38      104.00      203.62
      306.50      104.00      186.00
      405.25      104.00      292.50
      427.50      104.00      302.50
      419.88      104.00      339.25
      421.38      106.00      369.12
      462.75      104.00      431.25
      446.62      104.00      452.75
      493.38      102.00      496.38
      500.38      102.00      553.12
      509.50      100.00      562.25
      514.88      102.00      573.00
      527.12      104.00      584.50
      518.75      104.00      617.50
      487.25      102.00      614.38
      475.00      104.00      573.00
      465.88      104.00      581.38
      444.38       98.00      563.75
      416.75      104.00      622.75
      361.62      102.00      692.50
      344.75      102.00      689.50
      324.88       98.00      717.12
      258.12      100.00      693.25
      241.38      100.00      707.88
      217.62      100.00      718.62
      213.75      100.00      697.12
      570.00      102.00      693.25
      626.00      102.00      655.75
      604.50      104.00      581.38
      632.88      104.00      507.88
      662.75      104.00      461.12
      672.00      104.00      481.00
      672.75      104.00      425.88
      649.75      104.00      409.00
      678.12      104.00      395.25
      676.62      104.00      373.00
      647.50      104.00      379.88
      645.12      104.00      331.62
      613.75      104.00      469.50
      585.38      104.00      473.38
      559.38      104.00      458.88
      534.75      104.00      425.88
      539.38      104.00      381.38
      599.12      104.00      309.38
      619.12      104.00      293.25
      603.00      104.00      287.12
      567.00      106.00      293.25
      561.62      104.00      261.88
      583.88      104.00      241.25
      583.12      106.00      185.25
      605.25      106.00      173.75
      491.88      106.00      232.00
      487.25      104.00      299.38
      457.38      104.00      261.12
      455.12      104.00      229.75
      489.62      104.00      165.38
      506.50      104.00      133.88
      544.75      102.00      102.50
      553.25      104.00       78.00
      547.88      104.00       67.25
      475.00      104.00       66.50
      450.50      104.00       63.38
      456.62      104.00       95.62
      394.62      104.00      131.62
      399.12      106.00      103.25
      354.00      108.00       51.88
      380.00      108.00       26.62
      265.88      104.00       70.38
      226.00      104.00       78.75
      257.38      106.00      111.75
      260.50      104.00      137.00
      272.75      104.00      160.00
      201.50      102.00      160.75
      164.75      104.00      147.00
      137.12      104.00      131.62
      129.50      104.00       78.75
      156.25      104.00       91.75
      222.12      100.00      343.12
      265.12       98.00      398.25
      251.25      102.00      396.00
      218.38      102.00      499.38
      133.25      100.00      445.00
      160.88       98.00      592.12
      193.75       98.00      671.88
      186.88       98.00      701.75
      140.88       98.00      684.12
      203.75       98.00      521.62
      495.00       92.00      590.62
      609.88       92.00      658.88
      674.25      104.00      553.12
      266.62       60.00      629.00
      181.50       98.00      751.38
      436.75      102.00      739.50
      423.75      102.00       23.50
      697.25      102.00      703.75
      113.38       50.00      308.50
