      620.62      106.00      363.50
      648.25      104.00      277.75
      629.00      114.00      170.75
      636.00      116.00      141.38
      643.62       98.00      710.75
      623.75      116.00      367.12
      564.75      126.00       74.38
      537.12      130.00      358.75
      544.00      130.00      315.75
      544.75      134.00      235.38
      540.12      136.00      172.50
      530.25      136.00       88.25
      508.00      142.00      230.75
      501.88      142.00      179.38
      477.38      146.00      203.12
      472.75      150.00      214.62
      472.75      150.00      341.88
      459.75      154.00      171.00
      465.12      154.00      100.50
      433.62      162.00       92.75
      427.50      164.00      157.12
      415.25      166.00      200.12
      429.88      162.00      223.88
      426.75      160.00      290.50
      390.75      172.00      165.62
      384.62      172.00      122.62
      400.00      166.00       69.00
      370.88      174.00      315.75
      355.50      178.00      291.25
      362.38      178.00       76.75
      334.75      184.00      142.62
      331.00      186.00      166.38
      318.00      186.00      322.62
      518.75      140.00      364.00
      489.62      138.00      707.38
      456.62      158.00      270.75
      624.50      112.00      287.62
      588.50      122.00      327.50
