      182.38      128.00      223.62
      157.75      128.00      245.12
      187.62      128.00      155.50
      211.38      128.00       71.12
      301.12      124.00       55.12
      304.88      124.00      161.62
      287.25      124.00      170.00
      270.50      124.00      188.38
      255.88      124.00      231.38
      268.88      124.00      239.00
      268.88      124.00      224.38
      301.12      124.00      234.38
      214.50      124.00      263.50
      134.00      124.00      341.62
      152.38      124.00      428.25
      170.00      122.00      455.88
      209.12      122.00      475.75
      252.00      120.00      479.62
      295.00      120.00      422.12
      310.25      118.00      452.00
      348.62      118.00      386.88
      394.62      118.00      376.88
      392.25      116.00      423.62
      435.25      118.00      416.75
      453.62      118.00      291.88
      475.75      118.00      193.75
      505.75      118.00      193.75
      554.00      116.00      146.25
      576.25      116.00      114.88
      577.75      114.00      183.75
      615.25      112.00      206.75
      585.38      114.00       98.00
      590.75      114.00       86.50
      569.25      114.00       51.25
      562.38      114.00       19.88
      406.88      112.00       54.25
       73.50      128.00      262.00
      366.25      120.00      166.12
      313.38      120.00      294.88
      355.50      120.00      276.50
      371.62      120.00      271.88
      394.62      120.00      243.62
      428.25      118.00      250.50
      451.25      118.00      226.00
      409.12      112.00      599.75
      394.62      112.00      588.25
      355.50      114.00      563.75
      339.38      114.00      594.38
      317.12      116.00      600.50
      268.88      114.00      642.62
      232.88      114.00      648.75
      200.75      118.00      625.00
      167.75      118.00      626.50
      146.25      120.00      612.00
      179.25      120.00      575.25
      168.50      122.00      566.75
      158.50      116.00      670.25
      186.12      116.00      700.88
      225.25      116.00      699.38
      237.50      114.00      687.88
      236.00      112.00      720.00
      186.12      114.00      732.25
      179.25      112.00      763.00
      144.75      114.00      736.88
      573.88      104.00      117.50
      700.38      100.00      596.75
