      132.50      234.00      304.50
      219.88      234.00      186.50
      594.62      208.00      694.00
      553.25      208.00      674.88
      641.38      208.00      592.12
      563.12      212.00      564.50
      576.25      214.00      472.50
      580.00      216.00      445.75
      588.50      218.00      377.50
      599.12      218.00      385.12
      515.62      216.00      510.88
      525.62      216.00      540.00
      468.88      218.00      510.88
      501.88      220.00      497.00
      206.12      230.00      425.00
      525.62      222.00       44.12
      653.62      202.00      586.75
      664.25      202.00      527.75
      673.50      200.00      612.00
      659.00      196.00      696.25
      635.25      206.00      306.62
