      160.12       50.00      608.00
      127.12       96.00      642.88
      156.25       98.00      606.12
      203.00       96.00      626.75
      213.75      100.00      674.38
      169.25      104.00      663.62
      278.88      106.00      697.25
      256.62      106.00      727.25
      200.00      112.00      626.75
      124.88      112.00      644.38
      212.25      114.00      675.12
      196.88      112.00      496.50
      214.50      114.00      462.88
      141.75      116.00      459.00
      133.25      116.00      403.88
      134.00      114.00      383.88
      170.88      114.00      395.38
      197.62      114.00      430.62
      259.00      116.00      463.62
      279.62      116.00      459.00
      329.50      118.00      480.50
      318.00      114.00      480.50
      205.25      112.00      474.38
      163.12      114.00      313.38
      197.62      116.00      317.25
      216.75      118.00      319.50
      231.38      118.00      337.12
      274.25      122.00      326.38
      288.88      120.00      373.12
      331.00      118.00      397.75
      347.12      118.00      416.88
      445.88      124.00      453.62
      440.50      122.00      387.75
      492.62      124.00      438.25
      483.50      124.00      458.25
      472.00      124.00      509.62
      429.00      122.00      521.88
      414.50      120.00      473.50
      420.62      122.00      545.62
      472.75      122.00      594.62
      445.88      124.00      646.00
      463.50      122.00      689.62
      512.62      120.00      720.25
      498.75      118.00      698.12
      533.25      120.00      674.38
      539.38      122.00      573.88
      573.88      122.00      616.12
      491.12      124.00      514.12
      537.12      126.00      515.75
      527.88      126.00      495.75
      562.38      128.00      469.00
      549.38      128.00      381.62
      337.88      124.00      345.62
      304.12      124.00      201.50
      281.12      124.00      166.25
      318.75      124.00      160.12
      337.12      124.00      154.00
      197.62      124.00      190.00
      177.00      118.00      213.00
      165.50      116.00      242.88
      139.38      114.00      252.88
      206.12      118.00      282.75
      225.25      118.00      269.75
      254.38      118.00      611.50
      447.50      108.00      645.25
      255.88       98.00      611.50
      194.62      108.00      191.50
      303.38      112.00      201.50
      338.62      116.00      115.75
      387.62      116.00      121.88
      202.25      116.00      101.12
      409.12      118.00       49.00
      309.50      120.00       82.00
      323.25      126.00      128.00
      340.12      132.00      116.50
      388.50      128.00      121.88
      308.75      134.00       81.25
      316.38      136.00      160.88
      322.50      138.00      128.00
      278.88      136.00       55.88
      200.75      126.00      103.38
      607.62      128.00      344.88
      558.62      130.00      414.50
      590.00      130.00      441.38
      558.62      130.00      305.75
      596.12      132.00      306.50
      560.88      130.00      229.12
      569.25      128.00      300.38
      612.25      136.00      127.25
      625.25      134.00       91.12
      280.38      118.00       55.12
      299.50      118.00       58.25
      554.00      120.00      462.00
      278.12      118.00      699.62
      285.00       92.00      696.50
      447.50      116.00      444.38
      440.50      124.00      485.00
      256.62      124.00      729.38
      285.75      136.00       24.38
      358.62      136.00       26.00
      216.75      126.00      675.75
