      638.25      106.00      522.88
      633.62      110.00      535.25
      636.00      110.00      568.12
      608.38      114.00      560.50
      626.00      114.00      518.38
      608.38      116.00      494.62
      580.75      116.00      504.50
      575.38      118.00      520.62
      561.62      118.00      526.00
      542.50      118.00      470.88
      560.88      120.00      452.38
      566.25      120.00      395.00
      541.75      122.00      372.75
      524.12      122.00      397.25
      634.38      122.00      273.88
      610.62      124.00      176.62
      481.12      124.00      480.75
      467.38      124.00      565.12
      439.75      126.00      575.00
      422.88      126.00      615.62
      394.62      128.00      550.50
      425.25      130.00      496.12
      403.00      130.00      482.38
      391.50      130.00      493.88
      423.75      130.00      461.62
      421.38      130.00      434.88
      404.50      130.00      444.75
      491.12      128.00      359.00
      442.88      130.00      314.50
      512.62      130.00      115.25
      478.12      132.00       70.88
      422.12      132.00      148.25
      397.62      132.00      178.88
      393.75      134.00       67.00
      205.25      134.00      134.38
      140.12      134.00      185.00
      328.62      136.00      209.50
      424.50      138.00      221.75
      334.75      138.00      252.38
      291.12      138.00      200.38
      344.00      138.00       98.38
      291.12      140.00      270.88
      292.62      140.00      286.88
      296.50      140.00      168.12
      306.50      142.00      122.88
      300.38      144.00       93.00
      331.75      146.00       69.25
      291.88      146.00       44.75
      264.25      144.00       60.12
      256.62      146.00       77.75
      264.25      146.00      122.88
      273.50      148.00      133.62
      209.88      148.00      129.12
      163.12      150.00      191.88
      140.88      150.00      191.88
      138.62      150.00      181.88
      150.12      150.00      172.75
      127.88      152.00      215.62
      173.88      150.00      368.88
      148.62      148.00      372.00
      154.00      146.00      383.50
      193.00      144.00      414.88
      195.38      144.00      438.62
      223.75      144.00      468.50
      246.62      144.00      463.12
      248.25      142.00      395.00
      300.38      140.00      382.75
      308.00      140.00      395.00
      295.75      140.00      356.62
      312.62      140.00      343.62
      333.25      138.00      366.62
      344.75      138.00      342.88
      367.75      136.00      332.12
      268.88      142.00      282.38
      340.88      132.00      489.25
      321.00      138.00      443.25
      313.38      132.00      553.62
      329.50      134.00      570.50
      308.00      134.00      599.62
      284.25      136.00      579.62
      347.12      130.00      588.12
      328.62      130.00      636.38
      278.88      132.00      667.00
      209.12      140.00      621.75
      204.50      140.00      600.38
      163.12      142.00      588.88
      152.38      144.00      596.50
      137.88      146.00      615.62
      130.25      150.00      464.75
      131.00      150.00      496.88
      181.50      140.00      705.00
      169.25      136.00      718.88
      498.75      118.00      356.38
      203.00      128.00      350.50
      579.25      122.00      470.88
