      462.75      140.00      530.88
      478.12      142.00      527.75
      475.75      142.00      664.25
      460.50      140.00      690.25
      424.50      134.00      556.88
      422.12      130.00      665.00
      410.62      128.00      723.25
      393.75      130.00      486.38
      336.38      120.00      529.12
      327.12      118.00      547.50
      323.25      118.00      679.38
      327.88      114.00      715.38
      335.62      112.00      727.62
      317.12      112.00      736.88
      304.88      114.00      555.25
      274.25      108.00      514.62
      235.25      104.00      479.38
      230.62      104.00      507.75
      250.50      108.00      616.50
      203.75       98.00      565.88
      193.00       96.00      646.38
      202.25       94.00      659.38
      197.62       92.00      720.00
      239.75       94.00      726.12
      183.88       98.00      516.00
