      203.75      132.00      183.25
      240.50      132.00      147.25
      286.50      132.00      192.38
      266.62      132.00      207.00
      196.88      130.00      200.88
      164.75      132.00      192.38
      261.25      132.00      258.25
      309.50      130.00      288.25
      317.12      130.00      320.00
      355.50      130.00      298.50
      177.00      130.00      301.62
      209.88      130.00      344.50
      197.62      130.00      365.25
      244.38      128.00      382.12
      216.75      128.00      434.25
      204.50      126.00      435.75
      240.50      126.00      448.00
      239.00      126.00      467.88
      204.50      124.00      465.62
      184.62      124.00      504.75
      207.62      124.00      515.50
      203.00      126.00      525.38
      158.50      126.00      507.00
      183.88      124.00      550.75
      249.75      126.00      553.75
      266.62      124.00      545.38
      332.50      126.00      414.25
      370.88      126.00      368.38
      381.50      126.00      398.25
      394.62      126.00      404.38
      398.38      126.00      425.00
      385.38      124.00      454.88
      360.12      122.00      495.50
      385.38      122.00      516.25
      401.50      122.00      576.00
      455.12      122.00      625.75
      522.50      122.00      498.62
      481.88      122.00      418.88
      512.62      122.00      378.25
      515.62      124.00      343.75
      518.00      124.00      322.38
      495.00      124.00      248.75
      434.38      126.00      270.25
      430.62      126.00      216.62
      455.88      128.00      189.00
      449.00      128.00      174.50
      439.00      128.00      151.50
      457.38      128.00      153.75
      494.25      126.00      180.62
      511.00      124.00      198.25
      515.62      126.00      213.50
      527.88      124.00      241.12
      582.38      124.00      287.12
      619.88      124.00      300.12
      391.50      128.00      118.50
      418.38      128.00      108.50
      354.00      130.00      126.12
      253.62      128.00      578.38
      274.25      126.00      625.88
      299.50      128.00      622.00
      273.50      126.00      671.12
      277.38      124.00      688.75
      291.12      126.00      649.62
      427.50      126.00      639.62
      547.88      118.00      539.25
      558.62      118.00      543.12
      596.88      118.00      524.00
      602.25      118.00      433.50
      635.25      118.00      462.62
      632.12      116.00      478.00
      535.62      114.00      561.50
      523.38      112.00      626.62
      557.75      112.00      723.25
      294.25      110.00      650.38
      426.00      116.00      641.25
      406.12      108.00      734.75
      483.50      108.00      737.00
      521.75      126.00      170.50
      403.75      122.00      732.88
      484.25      122.00      736.75
      242.88      122.00      744.38
      508.75      110.00      690.88
      655.12      102.00      644.12
      161.62      134.00      432.62
      587.62      124.00      136.00
      679.62      114.00      608.75
      655.88      118.00      642.50
      527.12      126.00      106.88
