      583.88      132.00      409.50
      461.25      126.00      117.50
      309.50      120.00       39.38
      346.25      124.00       89.88
      445.88      126.00      168.00
      240.50      118.00      140.50
      227.50      120.00       42.38
      153.25      116.00       79.12
      219.12      118.00      154.25
      189.25      116.00      150.38
      173.88      114.00      134.38
      163.88      114.00      193.38
      125.62      114.00      210.25
      193.00      116.00      237.00
      213.75      116.00      210.25
      198.38      116.00      200.25
      196.88      116.00      188.00
      206.12      118.00      253.12
      221.38      116.00      251.62
      231.38      116.00      266.12
      108.00      112.00       60.75
       96.50      112.00       91.38
      107.25      112.00      257.00
      171.62      108.00      200.25
      195.38      114.00      473.75
      240.50      118.00      402.50
      462.00      124.00      590.50
      440.50      122.00      607.38
      396.12      124.00      429.62
      206.88      122.00      440.12
      229.00      110.00      256.38
      150.12      112.00       69.38
      137.12      114.00       58.75
      272.75      128.00      307.75
