      472.00      124.00       86.00
      590.00      116.00      394.00
      578.50      114.00      383.25
      600.75      116.00      387.12
      598.38      114.00      289.88
      640.50      116.00      279.12
      644.38      116.00      233.12
      580.00      114.00      562.62
      581.50      112.00      614.75
      557.75      112.00      637.00
      574.62      112.00      662.25
      600.00      110.00      535.00
      612.25      112.00      548.00
      570.00      112.00      546.50
      473.50      112.00       87.50
      423.00      116.00      125.62
