      196.88       96.00      159.12
      186.88       98.00      158.38
      152.38      100.00      697.88
      153.25      102.00      710.88
      172.38      104.00      723.88
      203.00      104.00      680.25
      222.88      106.00      692.50
      196.12      104.00      599.00
      264.25      106.00      387.50
      251.25      108.00      571.38
      209.12      104.00      312.38
      267.38      108.00      687.12
      278.12      110.00      445.75
      378.50      112.00      221.25
      273.50      114.00      398.25
      363.88      114.00      716.25
      508.75      118.00      182.88
      436.75      120.00      622.75
      463.50      120.00      630.38
      507.25      122.00      585.12
      525.62      124.00      589.75
      616.00      126.00      595.88
      594.62      126.00      624.25
      629.88      128.00      595.88
      648.25      126.00      581.38
      648.25      126.00      561.38
      628.25      128.00      502.38
      572.38      126.00      515.50
      583.88      126.00      399.00
      630.62      126.00      393.62
      632.88      126.00      271.75
      361.62      114.00      642.88
      636.00      132.00      573.12
      629.88      132.00      486.12
