      206.88      128.00      228.62
      217.62      128.00      174.25
      240.50      128.00      198.75
      255.12      128.00      201.75
      281.12      126.00      194.12
      308.75      128.00      139.00
      324.12      126.00       99.88
      245.12      128.00      235.50
      239.75      128.00      248.50
      209.88      128.00      286.88
      145.50      130.00      221.75
      133.25      130.00      296.00
      227.50      126.00      299.12
      224.50      126.00      316.75
      186.88      126.00      374.25
      139.38      126.00      430.88
      172.38      126.00      440.12
      209.12      124.00      422.50
      192.25      122.00      501.38
      174.62      122.00      552.75
      165.50      120.00      580.38
      119.50      122.00      556.62
      101.88      122.00      559.62
      100.38      126.00      429.38
       87.25      126.00      433.25
       86.50      126.00      412.50
      139.38      120.00      632.38
      219.12      118.00      603.25
      255.12      118.00      584.88
      237.50      118.00      573.38
      275.75      118.00      568.00
      278.12      116.00      592.62
      266.62      114.00      617.12
      236.00      116.00      632.38
      186.88      114.00      696.00
      140.12      116.00      713.62
      263.50      114.00      682.25
      213.75      114.00      742.00
      284.25      114.00      647.75
      342.50      110.00      706.75
      357.75      110.00      702.12
      348.62      108.00      732.88
      422.88      108.00      688.38
      418.38      108.00      707.50
      404.50      108.00      679.12
      463.50      106.00      698.38
      280.38      108.00      561.88
      314.88      104.00      544.25
      316.38      112.00      552.00
      321.00      116.00      563.50
      298.00      122.00      528.25
      293.38      124.00      492.25
      296.50      120.00      441.62
      268.88      122.00      419.38
      304.88      124.00      343.50
      331.75      122.00      355.00
      347.88      120.00      377.25
      378.50      118.00      404.12
      426.75      116.00      459.25
      354.00      116.00      613.25
      370.88      114.00      599.50
      476.62      114.00      480.00
      491.12      114.00      442.38
      504.88      114.00      434.75
      496.50      110.00      552.75
      473.50      110.00      601.75
      502.62      110.00      571.12
      523.38      108.00      565.75
      537.88      104.00      539.00
      529.50      110.00      533.62
      574.62      106.00      558.88
      645.88      110.00      542.00
      647.50      106.00      508.25
      533.25      112.00      467.62
      520.25      114.00      474.62
      562.38      114.00      413.25
      577.00      114.00      394.88
      533.25      114.00      393.38
      547.88      114.00      375.75
      524.88      114.00      352.75
      502.62      116.00      351.25
      467.38      116.00      416.38
      511.88      118.00      304.50
      491.12      116.00      296.00
      504.88      118.00      282.25
      476.62      118.00      285.25
      442.12      120.00      275.38
      472.00      122.00      233.25
      446.62      122.00      219.38
      413.75      122.00      251.62
      400.75      122.00      239.38
      379.25      124.00      214.75
      401.50      124.00      181.12
      386.88      122.00      276.12
      383.12      122.00      308.25
      340.88      122.00      312.12
      320.25      124.00      285.25
      692.62      108.00      381.88
      688.88      104.00      503.75
      701.12       98.00      670.00
      705.75       98.00      686.88
      718.75      100.00      589.50
      725.62      100.00      563.50
      751.62      100.00      581.88
      496.50      118.00      496.00
      124.88      118.00      663.12
      132.50      118.00      728.25
      346.25      132.00      187.25
