      458.12      128.00      389.75
      439.00      128.00      403.62
      423.75      128.00      439.62
      373.88      126.00      419.62
      325.62      126.00      394.38
      311.88      124.00      382.88
      337.12      124.00      474.12
      349.38      126.00      481.75
      321.00      124.00      476.38
      371.62      124.00      516.25
      411.38      122.00      533.88
      424.50      124.00      566.75
      421.38      124.00      586.75
      435.25      126.00      488.62
      454.38      126.00      483.25
      463.50      128.00      472.50
      477.38      128.00      489.38
      495.00      128.00      464.88
      498.00      126.00      490.12
      521.00      128.00      490.88
      575.38      130.00      540.00
      608.38      130.00      646.50
      424.50      128.00      607.38
      396.88      128.00      664.12
      361.62      126.00      574.50
      361.62      124.00      540.75
      293.38      122.00      621.25
      280.38      120.00      529.25
      261.25      120.00      548.38
      245.88      120.00      521.62
      295.75      120.00      443.38
      192.25      118.00      482.50
      221.38      120.00      525.38
      219.88      118.00      573.62
      205.25      112.00      626.50
      125.62      110.00      582.88
      264.25      108.00      555.25
      363.88      116.00      574.50
      205.25      118.00      395.88
      184.62      120.00      387.50
      262.00      122.00      314.62
      416.75      128.00      349.12
      129.50      116.00      360.62
      117.12      116.00      574.50
      556.25      134.00      228.75
      296.50      106.00      621.88
      329.50      110.00      599.62
      104.88      112.00      601.88
      121.00      112.00      720.62
      135.62      120.00      508.38
      327.88      128.00      599.62
      307.25      126.00      653.25
      302.62      124.00      667.00
      204.50      124.00      626.38
