      593.88      112.00       93.38
      321.75      116.00      657.38
      325.62      118.00      632.12
      312.62      120.00      632.12
      288.12      120.00      653.50
      268.12      118.00      668.88
      238.25      118.00      704.88
      252.00      118.00      721.00
      141.75      120.00      635.12
      145.50      122.00      647.38
      162.38      120.00      603.75
      152.38      120.00      512.50
      219.88      122.00      582.25
      207.62      120.00      584.62
      180.00      122.00      549.38
      340.12      128.00      334.00
      270.50      130.00      311.75
      316.38      130.00      285.00
      314.88      132.00      234.38
      250.50      130.00      226.00
      247.50      132.00      200.62
      209.88      132.00      214.50
      172.38      132.00      241.25
      171.62      132.00      203.00
      206.88      132.00      191.50
      141.75      134.00      167.75
      174.62      134.00      103.38
      225.25      136.00      147.75
      329.50      132.00      191.50
      347.12      132.00      190.75
      349.38      130.00      151.62
      425.25      130.00      134.75
      373.88      130.00       94.12
      324.88      130.00       49.75
      394.62      130.00      264.25
      462.00      128.00      186.88
      511.88      128.00      170.00
      497.25      124.00      135.50
      518.75      124.00      115.62
      521.75      124.00       94.88
      520.25      126.00       72.75
      564.75      122.00       77.25
      553.25      122.00      153.12
      520.25      122.00      194.50
      603.75      122.00      241.25
      642.88      122.00      190.00
      607.62      120.00      102.62
      570.00      122.00       62.75
      592.25      124.00       91.12
      645.12      120.00       74.25
      327.12      124.00      285.75
      326.38      130.00      632.88
      182.38      138.00      550.12
      189.25      126.00      501.88
      219.12      130.00      219.88
      517.12      140.00       72.88
      518.00      140.00       92.75
      516.38      140.00      113.50
      492.62      142.00      135.00
      459.00      118.00      187.25
      422.12      116.00      135.25
      318.75      114.00       51.62
      316.38      136.00      632.12
      239.00      130.00      703.38
      645.12      120.00       43.62
