      259.00       72.00      583.00
      603.00       90.00      677.75
      579.25       96.00      732.00
      627.50       94.00      677.62
      625.25       96.00      562.75
      634.38       98.00      571.88
      527.88       98.00      731.25
      460.50      100.00      701.38
      603.75      100.00      683.75
      547.12      104.00      646.25
      537.88      104.00      621.75
      445.88      108.00      644.75
      486.50      108.00      689.12
      483.50      110.00      527.50
      491.12      110.00      483.00
      511.88      110.00      447.75
      538.62      108.00      471.50
      560.88      108.00      512.88
      550.12      106.00      517.50
      544.00      106.00      417.12
      496.50      108.00      388.75
      502.62      108.00      373.38
      466.62      112.00      376.50
      477.38      114.00      441.62
      437.50      118.00      406.38
      352.38      122.00      335.12
      360.88      124.00      321.38
      357.75      126.00      305.25
      342.50      128.00      332.75
      320.25      130.00      356.62
      292.62      130.00      358.88
      329.50      128.00      483.00
      351.62      128.00      476.88
      328.62      126.00      546.62
      320.25      126.00      586.50
      351.62      122.00      593.38
      318.75      122.00      647.00
      291.12      120.00      690.62
      291.88      120.00      721.38
      238.25      126.00      647.75
      211.38      132.00      627.12
      199.12      132.00      721.38
      179.25      134.00      680.00
      215.25      134.00      578.75
      190.75      134.00      572.62
      233.62      134.00      538.12
      234.38      132.00      501.38
      196.12      136.00      266.12
      565.50      124.00      109.25
      402.25      114.00      565.12
      360.12      114.00      632.62
      458.12      116.00      703.88
      448.25      120.00      644.12
      455.88      110.00      628.75
      265.88       68.00      589.50
      474.25      114.00      385.00
