      147.12       92.00      523.50
      163.88       94.00      507.50
      199.12       96.00      526.62
      215.25      100.00      586.38
      178.50       98.00      572.62
      154.75       94.00      430.75
      208.38      100.00      476.00
      127.88       96.00      358.00
      121.75       94.00      342.75
      172.38       98.00      335.00
      200.75      100.00      381.00
      221.38      102.00      431.62
      250.50      102.00      464.50
      242.88      104.00      388.62
      301.88      104.00      447.62
      317.12      106.00      449.25
      334.75      110.00      445.38
      338.62      110.00      413.12
      363.88      112.00      418.50
      344.00      110.00      397.88
      306.50      108.00      393.25
      331.75      110.00      330.38
      368.50      112.00      334.25
      309.50      110.00      284.50
      281.12      108.00      266.00
      267.38      108.00      276.75
      266.62      106.00      311.25
      265.12      106.00      233.88
      228.25      104.00      229.25
      252.88      106.00      207.88
      223.75      106.00      191.00
      179.25      102.00      172.62
      199.12      104.00      138.12
      231.38      104.00      257.62
      200.75      104.00      323.50
      199.12      102.00      310.50
      185.38      102.00      329.62
      171.62       98.00      240.00
      126.38      100.00       66.00
      306.50      108.00      210.88
      288.12      110.00       86.75
      327.12      112.00      202.50
      340.88      114.00      177.88
      374.62      114.00      290.62
      396.12      116.00      222.38
      396.88      116.00      194.00
      427.50      118.00      231.62
      416.75      118.00      125.88
      465.88      122.00      197.88
      474.25      122.00      230.75
      486.50      124.00      250.00
      449.00      120.00      298.25
      518.00      122.00      302.12
      557.75      124.00      340.38
      573.12      124.00      368.75
      555.50      124.00      376.38
      536.38      124.00      398.62
      515.62      124.00      389.38
      500.38      122.00      397.88
      519.50      124.00      361.88
      579.25      126.00      452.25
      623.75      126.00      459.12
      623.75      128.00      365.62
      585.38      128.00      274.50
      566.25      130.00      149.62
      518.00      132.00       58.38
      500.38      132.00       48.38
      470.50      126.00       65.75
      455.88      124.00      104.75
      478.88      122.00      140.00
      465.12      122.00      137.00
      416.75      114.00      438.88
      442.88      114.00      515.50
       91.88       94.00      179.12
       97.25       90.00      464.75
