      568.50      110.00      246.88
      560.88      112.00      217.75
      547.12      114.00      317.38
      546.25      112.00      351.75
      556.25      110.00      364.00
      512.62      118.00      265.25
      483.50      122.00      210.00
      455.12      126.00      188.62
      471.25      124.00      114.75
      402.25      132.00       56.50
      411.38      130.00      155.38
      376.12      136.00      161.50
      336.38      136.00      169.12
      341.75      138.00      150.75
      310.25      140.00      120.12
      330.25      140.00       54.25
      314.88      142.00       58.00
      331.00      142.00       35.12
      262.75      146.00       73.38
      262.75      146.00      175.25
      240.50      148.00      189.12
      277.38      144.00      215.88
      288.12      144.00      180.62
      299.50      144.00      174.50
      258.12      146.00      271.12
      189.25      146.00      582.25
      190.75      146.00      557.62
      171.62      142.00      710.88
      152.38      144.00      730.12
      231.38      142.00      555.00
      249.75      142.00      553.50
      229.88      138.00      666.12
      226.75      136.00      680.75
      271.25      140.00      533.62
      272.75      142.00      401.75
      292.62      142.00      332.75
      320.25      140.00      309.00
      393.75      134.00      223.88
      392.25      132.00      286.00
      422.12      128.00      285.25
      413.75      126.00      323.50
      513.38      114.00      426.25
      493.38      116.00      461.50
      477.38      120.00      386.38
      478.88      122.00      351.88
      457.38      122.00      405.50
      442.88      124.00      457.62
      404.50      126.00      546.50
      379.25      122.00      684.50
      446.62      118.00      536.50
      447.50      116.00      623.12
      436.75      118.00      632.38
      454.38      108.00      538.12
      396.88      126.00      466.88
      337.12      130.00      607.00
      400.75      128.00      424.62
      361.62      130.00      489.00
      311.88      134.00      550.38
      312.62      134.00      563.38
      178.50      156.00       78.38
      178.50      156.00       96.75
      178.50      158.00      110.50
      157.00      158.00      109.00
      141.75      160.00       46.12
      111.00      162.00      287.50
       86.50      162.00      345.00
      121.75      162.00      374.88
      131.00      154.00      516.62
      495.00      128.00      285.62
      126.38      156.00      453.38
